8 0.005068750000000
27 0.000165157750343
125 0.000084505600000
343 0.000017326114119
1331 0.000004902964109
2197 0.000001046737089
4913 0.000000776797365
6859 0.000000093736155
12167 0.000000217284472
24389 0.000000083096103
29791 0.000000040053468
50653 0.000000018018913
68921 0.000000003306370
79507 0.000000013903710
103823 0.000000002236118
148877 0.000000003165893
205379 0.000000003795741
226981 0.000000005109767
300763 0.000000003604128
357911 0.000000002243583
389017 0.000000001587305
493039 0.000000000900540
704969 0.000000000859248
1030301 0.000000000323939
1225043 0.000000000134031
1442897 0.000000000059567
