4 0.027500000000000
9 0.034444444444444
25 0.028000000000000
49 0.030816326530612
121 0.032314049586777
169 0.032071005917160
289 0.032352941176471
361 0.031329639889197
529 0.031852551984877
841 0.032175980975030
961 0.031977107180021
1369 0.032571219868517
1681 0.032320047590720
1849 0.032395889670092
2209 0.032385694884563
2809 0.032349590601638
3481 0.032349899454180
3721 0.032311206664875
4489 0.032167520605926
5041 0.032318984328506
5329 0.032214299118033
6241 0.032185547187951
10201 0.032268405058328
12769 0.032377633330723
19321 0.032131359660473
26569 0.032359516730024
32761 0.032263056683251
39601 0.032229236635439
52441 0.032248050189737
63001 0.032256472119490
73441 0.032238940101578
85849 0.032255005882421
100489 0.032262237657853
121801 0.032277731709920
139129 0.032254742002027
157609 0.032236293612674
177241 0.032257491212530
196249 0.032281387421082
214369 0.032273229804683
241081 0.032282593817016
271441 0.032266717260841
310249 0.032241973382670
332929 0.032244472545197
361201 0.032239473312643
383161 0.032253647944337
418609 0.032254012694424
452929 0.032218405092189
491401 0.032253841567274
537289 0.032272929466265
573049 0.032240209824989
619369 0.032251824033815
674041 0.032247934472829
703921 0.032259997925904
744769 0.032251167811765
786769 0.032242462527120
863041 0.032239569151408
908209 0.032262166527749
966289 0.032250341254014
1026169 0.032239621348920
1067089 0.032243542947214
1125721 0.032245618585777
1190281 0.032251585970036
1229881 0.032250892566029
1324801 0.032245642930523
1394761 0.032244112073681
1471369 0.032241653861132
