8 0.042500000000000
27 0.031851851851852
125 0.033120000000000
343 0.031953352769679
1331 0.032148760330579
2197 0.032198452435139
4913 0.032220639120700
6859 0.032221898235894
12167 0.032194460425742
24389 0.032209192668826
29791 0.032230539424658
50653 0.032243302469745
68921 0.032256061287561
79507 0.032256782421674
103823 0.032252776359766
148877 0.032240708773014
205379 0.032254709585693
226981 0.032254990505813
300763 0.032262678587459
357911 0.032247067008279
389017 0.032245583097911
493039 0.032248767338892
704969 0.032255829688965
1030301 0.032255797092306
1225043 0.032253022955113
1442897 0.032251518992693
