4 0.006118750000000
9 0.002640740740741
25 0.000720000000000
49 0.000362307371928
121 0.000120340140701
169 0.000078554672455
289 0.000054207923756
361 0.000037859592851
529 0.000023826029781
841 0.000013737679932
961 0.000011128171422
1369 0.000008452795678
1681 0.000007410782441
1849 0.000005677429017
2209 0.000005227472861
2809 0.000003656697228
3481 0.000002665423602
3721 0.000003173306699
4489 0.000002457431525
5041 0.000002163320089
5329 0.000002010726650
6241 0.000001722540705
10201 0.000000918515584
12769 0.000000533741236
19321 0.000000600303442
26569 0.000000339904239
32761 0.000000303432611
39601 0.000000267353284
52441 0.000000188601662
63001 0.000000181408678
73441 0.000000124934522
85849 0.000000114994648
100489 0.000000099033088
121801 0.000000080384869
139129 0.000000067103024
157609 0.000000066956406
177241 0.000000042961467
196249 0.000000046013114
214369 0.000000049147675
241081 0.000000047156905
271441 0.000000044046422
310249 0.000000035242201
332929 0.000000023904768
361201 0.000000023621183
383161 0.000000031118120
418609 0.000000023648719
452929 0.000000022956323
491401 0.000000015673614
537289 0.000000021345536
573049 0.000000018312373
619369 0.000000012046547
674041 0.000000016885840
703921 0.000000013248288
744769 0.000000013507084
786769 0.000000014825383
863041 0.000000009476971
908209 0.000000012112461
966289 0.000000012883733
1026169 0.000000010406527
1067089 0.000000011061711
1125721 0.000000009185848
1190281 0.000000006830378
1229881 0.000000008884502
1324801 0.000000006449941
1394761 0.000000007428134
1471369 0.000000005129704
