8 0.125000000000000
27 0.037037037037037
125 0.040000000000000
343 0.040816326530612
1331 0.033809166040571
2197 0.031861629494766
4913 0.033380826378995
6859 0.033240997229917
12167 0.031642968685789
24389 0.032350649883144
29791 0.032258064516129
50653 0.031863858014333
68921 0.032102987478417
79507 0.032211000289283
103823 0.032333875923447
148877 0.032114295693761
205379 0.032315864815780
226981 0.032425621527793
300763 0.032267931893218
357911 0.032239858512312
389017 0.032255659778364
493039 0.032240857214135
704969 0.032263830040754
1030301 0.032285710680665
1225043 0.032264989881988
1442897 0.032249703201268
8 0.125000000000000
27 0.037037037037037
125 0.040000000000000
343 0.040816326530612
1331 0.033809166040571
2197 0.031861629494766
4913 0.033380826378995
6859 0.033240997229917
12167 0.031642968685789
24389 0.032350649883144
29791 0.032258064516129
50653 0.031863858014333
68921 0.032105889351576
79507 0.032211000289283
103823 0.032333875923447
148877 0.032114094185133
205379 0.032315864815780
226981 0.032425621527793
300763 0.032267931893218
357911 0.032239858512312
389017 0.032255659778364
493039 0.032240857214135
704969 0.032263830040754
1030301 0.032285710680665
1225043 0.032264989881988
1442897 0.032249703201268
8 0.125000000000000
27 0.037037037037037
125 0.040000000000000
343 0.040816326530612
1331 0.033809166040571
2197 0.031861629494766
4913 0.033380826378995
6859 0.033240997229917
12167 0.031642968685789
24389 0.032350649883144
29791 0.032258064516129
50653 0.031863858014333
68921 0.032105889351576
8 0.125000000000000
27 0.037037037037037
125 0.040000000000000
343 0.040816326530612
1331 0.033809166040571
2197 0.031861629494766
4913 0.033380826378995
6859 0.033240997229917
12167 0.031642968685789
24389 0.032350649883144
29791 0.032258064516129
50653 0.031863858014333
68921 0.032105889351576
79507 0.032211000289283
103823 0.032333875923447
148877 0.032114094185133
205379 0.032315864815780
226981 0.032425621527793
300763 0.032267931893218
357911 0.032239858512312
389017 0.032255659778364
493039 0.032240857214135
704969 0.032263830040754
1030301 0.032285710680665
1225043 0.032264989881988
1442897 0.032249703201268
8 0.125000000000000
27 0.037037037037037
125 0.040000000000000
343 0.040816326530612
1331 0.033809166040571
2197 0.031861629494766
4913 0.033380826378995
6859 0.033240997229917
12167 0.031642968685789
24389 0.032350649883144
29791 0.032258064516129
50653 0.031863858014333
8 0.125000000000000
27 0.037037037037037
125 0.040000000000000
343 0.040816326530612
1331 0.033809166040571
2197 0.031861629494766
4913 0.033380826378995
6859 0.033240997229917
12167 0.031642968685789
24389 0.032350649883144
8 0.021250000000000
27 0.033703703703704
125 0.031360000000000
343 0.031720116618076
1331 0.032464312546957
2197 0.032275830678198
4913 0.032222674536943
6859 0.032223356174369
12167 0.032348976740363
24389 0.032230513756202
29791 0.032228189721728
50653 0.032254358083430
68921 0.032261139565590
79507 0.032262568075767
103823 0.032246708340156
148877 0.032256695124163
205379 0.032246675658173
226981 0.032255034562364
300763 0.032248381616090
357911 0.032253884345550
389017 0.032251212671940
493039 0.032253959625912
704969 0.032251630922778
1030301 0.032254001500532
1225043 0.032250753647015
1442897 0.032251858587273
