8 0.002204687500000
27 0.000112345679012
125 0.000103270400000
343 0.000021297248595
1331 0.000004067542693
2197 0.000000833242003
4913 0.000000705700727
6859 0.000000094792571
12167 0.000000193344332
24389 0.000000066549341
29791 0.000000041732672
50653 0.000000019835162
68921 0.000000004136562
79507 0.000000019873878
103823 0.000000002047227
148877 0.000000004623711
205379 0.000000003961683
226981 0.000000003686340
300763 0.000000002257232
357911 0.000000001907253
389017 0.000000001876754
493039 0.000000000574807
704969 0.000000000808079
1030301 0.000000000343245
1225043 0.000000000092066
1442897 0.000000000047848
