4 0.107500000000000
9 0.102222222222222
25 0.093600000000000
49 0.102244897959184
121 0.102396694214876
169 0.100887573964497
289 0.101418685121107
361 0.101329639889197
529 0.101266540642722
841 0.101177170035672
961 0.101259105098855
1369 0.096639883126370
1681 0.096502082093992
1849 0.096976744186047
2209 0.095006790402897
2809 0.096753292986828
3481 0.093320884803217
3721 0.092996506315507
4489 0.094390732902651
5041 0.093171989684586
5329 0.093128166635391
6241 0.091818618811088
10201 0.089798059013822
12769 0.090145665283108
19321 0.090464261684178
26569 0.089981557454176
32761 0.090028997893837
39601 0.090182066109442
52441 0.090036040502660
63001 0.090305868160823
73441 0.090252856034095
85849 0.090175191324302
100489 0.090296947924649
121801 0.090211164111953
139129 0.091794162252298
157609 0.090173086562316
177241 0.091701468621820
196249 0.090201682556344
214369 0.091422313860679
241081 0.090188982126339
271441 0.091732825917971
310249 0.090189364026959
332929 0.091268468652475
361201 0.092031500466499
383161 0.090253313881110
418609 0.091374432943391
452929 0.092132365116828
491401 0.090170553173477
537289 0.091473583118210
573049 0.092019635319144
619369 0.090203384412200
674041 0.091379352294593
703921 0.091949849485951
744769 0.090214227498728
786769 0.091101047448489
863041 0.091982037933308
908209 0.090184660138801
966289 0.091176790794473
1026169 0.091768120065993
1067089 0.092131818433139
1125721 0.090216012670990
1190281 0.091147594559604
1229881 0.091435594175371
1324801 0.092140729060440
1394761 0.090172373618132
1471369 0.091133223548953
