4 0.015318750000000
9 0.000908641975309
25 0.001223040000000
49 0.000295668471470
121 0.000099576531658
169 0.000030373586359
289 0.000029620095545
361 0.000004631640334
529 0.000010524190522
841 0.000004611886930
961 0.000002418894643
1369 0.000001894180916
1681 0.000000350914320
1849 0.000001805867028
2209 0.000000236306431
2809 0.000000391813883
3481 0.000000446260535
3721 0.000000644121220
4489 0.000000405019651
5041 0.000000348564111
5329 0.000000228239488
6241 0.000000135003570
10201 0.000000060821407
12769 0.000001241511048
19321 0.000001374709266
26569 0.000001333171725
32761 0.000001282836162
39601 0.000001234333384
52441 0.000001388888137
63001 0.000001264094513
73441 0.000001280828649
85849 0.000001283422293
100489 0.000001261570424
121801 0.000001304827967
139129 0.000000002100395
157609 0.000001343937187
177241 0.000000000071700
196249 0.000001308200696
214369 0.000000001488832
241081 0.000001305819066
271441 0.000000000635279
310249 0.000001319828693
332929 0.000000000501017
361201 0.000000000544916
383161 0.000001288986553
418609 0.000000000126085
452929 0.000000000300976
491401 0.000001334865416
537289 0.000000000298766
573049 0.000000000054760
619369 0.000001314781378
674041 0.000000000176226
703921 0.000000000054823
744769 0.000001290622824
786769 0.000000000223374
863041 0.000000000152834
908209 0.000001316017807
966289 0.000000000055963
1026169 0.000000000115002
1067089 0.000000000060902
1125721 0.000001307981451
1190281 0.000000000084239
1229881 0.000000000002466
1324801 0.000000000098874
1394761 0.000001321527182
1471369 0.000000000033368
