4 0.037500000000000
9 0.034444444444444
25 0.035200000000000
49 0.031836734693878
121 0.030909090909091
169 0.030710059171598
289 0.032249134948097
361 0.032603878116344
529 0.032136105860113
841 0.032342449464923
961 0.032206035379813
1369 0.032615047479912
1681 0.032278405710886
1849 0.032212006489995
2209 0.032363060208239
2809 0.031787112851549
3481 0.032240735420856
3721 0.032268207471110
4489 0.032031632880374
5041 0.032041261654434
5329 0.032182398198536
6241 0.031996474923890
10201 0.032220370551907
12769 0.032268775941734
19321 0.032325966564878
26569 0.031962061048590
32761 0.032190104087177
39601 0.032264589278049
52441 0.032262351976507
63001 0.032256154664212
73441 0.032096376683324
85849 0.032247434448858
100489 0.032182129387296
121801 0.032282986182379
139129 0.032223691681820
157609 0.032372136108979
177241 0.032277858960399
196249 0.032275476562938
214369 0.032264833068214
241081 0.032216433480863
271441 0.032259201815496
310249 0.032246711512366
332929 0.032274959525905
361201 0.032278260580674
383161 0.032229872038125
418609 0.032257739322375
452929 0.032295326640599
491401 0.032261594909249
537289 0.032261967023334
573049 0.032223579484477
619369 0.032266968479210
674041 0.032210829905006
703921 0.032244584264427
744769 0.032223696206475
786769 0.032220804327573
863041 0.032264538996409
908209 0.032248061844796
966289 0.032258578955157
1026169 0.032265240910610
1067089 0.032247553859144
1125721 0.032271166656747
1190281 0.032258643127127
1229881 0.032286058569894
1324801 0.032234456344764
1394761 0.032260903480955
1471369 0.032239526590543
