4 0.007968750000000
9 0.002640740740741
25 0.000872960000000
49 0.000369179508538
121 0.000181162488901
169 0.000125832428837
289 0.000085219286168
361 0.000055839810928
529 0.000045525852180
841 0.000026354447525
961 0.000026926837614
1369 0.000017462480545
1681 0.000015766513870
1849 0.000016259033503
2209 0.000011851164041
2809 0.000009031882847
3481 0.000006289909164
3721 0.000006971414737
4489 0.000006714559453
5041 0.000004415670101
5329 0.000004392877714
6241 0.000003262994498
10201 0.000001491995019
12769 0.000001650553547
19321 0.000000831246276
26569 0.000000732726140
32761 0.000000631504947
39601 0.000000720620872
52441 0.000000600435631
63001 0.000000490536481
73441 0.000000298472213
85849 0.000000307789181
100489 0.000000273443930
121801 0.000000178879912
139129 0.000000165669660
157609 0.000000168124801
177241 0.000000127688002
196249 0.000000125550982
214369 0.000000131834326
241081 0.000000093743506
271441 0.000000079141042
310249 0.000000078118472
332929 0.000000074122787
361201 0.000000050871707
383161 0.000000064301518
418609 0.000000051203085
452929 0.000000053200258
491401 0.000000051307500
537289 0.000000046034656
573049 0.000000042307801
619369 0.000000042766284
674041 0.000000040748205
703921 0.000000030090589
744769 0.000000036769803
786769 0.000000030484579
863041 0.000000029560204
908209 0.000000023338170
966289 0.000000024709180
1026169 0.000000020918333
1067089 0.000000026897424
1125721 0.000000017610006
1190281 0.000000018960176
1229881 0.000000017915787
1324801 0.000000016140824
1394761 0.000000021181316
1471369 0.000000012342109
