0 -nan
4 0.042500000000000
9 0.032222222222222
25 0.031200000000000
49 0.029795918367347
121 0.030495867768595
169 0.032071005917160
289 0.032145328719723
361 0.033573407202216
529 0.031323251417769
625 0.032832000000000
841 0.032722948870392
961 0.032539021852237
1369 0.032702702702703
1681 0.032885187388459
1849 0.032260681449432
2209 0.032489814395654
2500 0.032332000000000
2809 0.031886792452830
3481 0.031712151680552
3721 0.032257457672669
4489 0.032595232791268
5041 0.032382463796866
5329 0.032296866203791
5625 0.032360888888889
6241 0.032320141003044
10000 0.032137000000000
15625 0.032249600000000
17161 0.032242293572636
22500 0.032256000000000
30625 0.032282122448980
32761 0.032274655840786
40000 0.032321250000000
50625 0.032294320987654
57121 0.032193939181737
62500 0.032339040000000
75625 0.032196495867769
85849 0.032281797108877
90000 0.032186666666667
105625 0.032284213017752
122500 0.032330122448980
128881 0.032256267409471
140625 0.032329386666667
160000 0.032230750000000
177241 0.032229450296489
180625 0.032252456747405
202500 0.032222123456790
225625 0.032261362880886
229441 0.032230464476706
250000 0.032276040000000
275625 0.032258648526077
302500 0.032228000000000
310249 0.032225148187424
330625 0.032233920604915
360000 0.032262333333333
375769 0.032219874444140
390625 0.032239974400000
422500 0.032223171597633
452929 0.032255386605848
455625 0.032247615912209
490000 0.032242204081633
525625 0.032204765755054
552049 0.032251629837206
562500 0.032245404444444
600625 0.032273581685744
640000 0.032257734375000
674041 0.032251539594772
680625 0.032228481175390
722500 0.032288387543253
765625 0.032258416326531
776161 0.032253024823458
810000 0.032247271604938
855625 0.032247538349160
902500 0.032238559556787
908209 0.032254062666192
950625 0.032254264299803
1000000 0.032252920000000
1042441 0.032254765497520
1050625 0.032248328375967
1102500 0.032277578231293
1155625 0.032253654948621
1190281 0.032239504789205
1210000 0.032256223140496
1265625 0.032241896296296
1322500 0.032250003780718
1352569 0.032247752240366
1380625 0.032249517428701
1440000 0.032242597222222
