0 -nan
4 0.008818750000000
9 0.002788888888889
25 0.000978560000000
49 0.000436651395252
121 0.000240004098081
169 0.000112166940933
289 0.000085318662372
361 0.000053756493581
529 0.000031107307364
625 0.000033406976000
841 0.000019044198840
961 0.000021306608079
1369 0.000017456931395
1681 0.000010843662999
1849 0.000008788899968
2209 0.000011393593147
2500 0.000008044976000
2809 0.000007384226640
3481 0.000004835863188
3721 0.000005145884602
4489 0.000004380778618
5041 0.000002883807647
5329 0.000003254352972
5625 0.000003807418469
6241 0.000003178578756
10000 0.000001890731000
15625 0.000001204264960
17161 0.000001343748748
22500 0.000000687570173
30625 0.000000650001593
32761 0.000000630968182
40000 0.000000414304688
50625 0.000000429081908
57121 0.000000298040004
62500 0.000000267871718
75625 0.000000253216435
85849 0.000000196629635
90000 0.000000214392593
105625 0.000000217759062
122500 0.000000162022251
128881 0.000000111928757
140625 0.000000143081755
160000 0.000000102922406
177241 0.000000127931750
180625 0.000000123009102
202500 0.000000100852909
225625 0.000000079109701
229441 0.000000079778435
250000 0.000000085015198
275625 0.000000067176038
302500 0.000000059930432
310249 0.000000074232497
330625 0.000000052429721
360000 0.000000055618722
375769 0.000000044234798
390625 0.000000043374559
422500 0.000000046226650
452929 0.000000045873673
455625 0.000000034067087
490000 0.000000034344763
525625 0.000000040532020
552049 0.000000035937780
562500 0.000000029297773
600625 0.000000034166221
640000 0.000000036990155
674041 0.000000022040394
680625 0.000000026488763
722500 0.000000034078731
765625 0.000000025682735
776161 0.000000021332364
810000 0.000000027570501
855625 0.000000017658084
902500 0.000000018883649
908209 0.000000017998449
950625 0.000000020371774
1000000 0.000000016655294
1042441 0.000000020299709
1050625 0.000000017736892
1102500 0.000000018671767
1155625 0.000000021310184
1190281 0.000000013174192
1210000 0.000000015500983
1265625 0.000000015003401
1322500 0.000000016006411
1352569 0.000000015248475
1380625 0.000000014805694
1440000 0.000000014282660
