4 0.019218750000000
9 0.004122222222222
25 0.001448960000000
49 0.000594085797584
121 0.000258308858685
169 0.000172525471797
289 0.000105577040505
361 0.000097224545545
529 0.000057653810557
841 0.000029956269149
961 0.000026450508435
1369 0.000026621992454
1681 0.000019946874488
1849 0.000016574553476
2209 0.000013820964936
2809 0.000010096672180
3481 0.000007815860236
3721 0.000009035204145
4489 0.000007959577038
5041 0.000005244434636
5329 0.000006829926544
6241 0.000006692861563
10201 0.000003051246170
12769 0.000002417272488
19321 0.000001740721371
26569 0.000001169275178
32761 0.000000807672349
39601 0.000000617761053
52441 0.000000549038361
63001 0.000000439816121
73441 0.000000379442859
85849 0.000000265919470
100489 0.000000307326706
121801 0.000000264101104
139129 0.000000243747067
157609 0.000000209802511
177241 0.000000183863777
196249 0.000000129119100
214369 0.000000138407792
241081 0.000000102389417
271441 0.000000106634186
310249 0.000000108345399
332929 0.000000087424213
361201 0.000000079101890
383161 0.000000093581812
418609 0.000000083213709
452929 0.000000066829469
491401 0.000000071420195
537289 0.000000057780353
573049 0.000000055698635
619369 0.000000059987181
674041 0.000000048689543
703921 0.000000042989886
744769 0.000000041713939
786769 0.000000034743708
863041 0.000000036725705
908209 0.000000035263188
966289 0.000000031554343
1026169 0.000000021477984
1067089 0.000000027813087
1125721 0.000000032944457
1190281 0.000000032397274
1229881 0.000000028652979
1324801 0.000000028783614
1394761 0.000000019943796
1471369 0.000000014456141
