4 0.067500000000000
9 0.091111111111111
25 0.095600000000000
49 0.093673469387755
121 0.104049586776859
169 0.103786982248521
289 0.102076124567474
361 0.101301939058172
529 0.098714555765595
841 0.098917954815696
961 0.098449531737773
1369 0.096413440467495
1681 0.096115407495538
1849 0.096154678204435
2209 0.096971480307832
2809 0.096682093271627
3481 0.097041080149382
3721 0.096500940607364
4489 0.096740922254400
5041 0.096316207101766
5329 0.096808031525615
6241 0.096322704694760
10201 0.096454269189295
12769 0.097012295402929
19321 0.098576678225765
26569 0.099130942075351
32761 0.099493605201306
39601 0.098068483119113
52441 0.097965523159360
63001 0.097824478976524
73441 0.097769774376711
85849 0.098227585644562
100489 0.098080585934779
121801 0.097826126222281
139129 0.097642403812289
157609 0.097887620630802
177241 0.097876619969420
196249 0.098009416608492
214369 0.097725743927527
241081 0.097893197721927
271441 0.097780548995914
310249 0.097846987419782
332929 0.097835844879839
361201 0.097636855933400
383161 0.097857245387709
418609 0.097708195475969
452929 0.097638128713330
491401 0.097869153705426
537289 0.097637844809776
573049 0.097613013895845
619369 0.097970079225793
674041 0.097738980269746
703921 0.097704103159303
744769 0.097975775038972
786769 0.097895824568584
863041 0.097760280218437
908209 0.097926809798185
966289 0.097806712070612
1026169 0.097799709404591
1067089 0.097611005267602
1125721 0.097953142919071
1190281 0.097744280552239
1229881 0.097801486485278
1324801 0.097628791041070
1394761 0.097980915726780
1471369 0.097813723138111
4 0.062500000000000
9 0.034444444444444
25 0.035200000000000
49 0.031836734693878
121 0.032314049586777
169 0.030473372781065
289 0.033252595155709
361 0.032243767313019
529 0.031550094517958
841 0.032045184304400
961 0.032070759625390
1369 0.032644265887509
1681 0.032760261748959
1849 0.032952947539210
2209 0.033005885015844
2809 0.031975792096832
3481 0.031835679402471
3721 0.032464391292663
4489 0.032042771218534
5041 0.032436024598294
5329 0.031974103959467
6241 0.032166319500080
10201 0.032331144005490
12769 0.032225702874148
19321 0.032263857978366
26569 0.032220633068614
32761 0.032258783309423
39601 0.032164086765486
52441 0.032249194332679
63001 0.032302979317789
73441 0.032224779074359
85849 0.032314878449370
100489 0.032279453472519
121801 0.032119440727088
139129 0.032277670363476
157609 0.032187375086448
177241 0.032236164318640
196249 0.032253107022201
214369 0.032293988403174
241081 0.032275915563649
271441 0.032277695705512
310249 0.032273141895703
332929 0.032231196441283
361201 0.032298360192801
383161 0.032231333564742
418609 0.032292592849174
452929 0.032224719547655
491401 0.032199873423131
537289 0.032262488158142
573049 0.032248429017414
619369 0.032243460683373
674041 0.032285261579043
703921 0.032244825768801
744769 0.032240090551567
786769 0.032262239615440
863041 0.032282116376858
908209 0.032258918376717
966289 0.032245228911847
1026169 0.032250876804893
1067089 0.032235305583695
1125721 0.032247306392970
1190281 0.032279318917130
1229881 0.032250738079538
1324801 0.032252270340980
1394761 0.032255813003088
1471369 0.032254614580027
