0 -nan
4 0.030000000000000
9 0.044444444444444
25 0.033600000000000
49 0.033673469387755
121 0.032479338842975
169 0.032958579881657
289 0.032733564013841
361 0.032160664819945
529 0.032325141776938
625 0.032352000000000
841 0.032259215219976
961 0.032247658688866
1369 0.032337472607743
1681 0.032195121951220
1849 0.032174148188210
2209 0.032200090538705
2500 0.032188000000000
2809 0.032267710929156
3481 0.032303935650675
3721 0.032335393711368
4489 0.032274448652261
5041 0.032235667526284
5329 0.032244323512854
5625 0.032247111111111
6241 0.032224002563692
10000 0.032210000000000
15625 0.032237440000000
17161 0.032249286172135
22500 0.032244444444444
30625 0.032247836734694
32761 0.032249626079790
40000 0.032244750000000
50625 0.032246716049383
57121 0.032255387685790
62500 0.032252160000000
75625 0.032245950413223
85849 0.032251511374623
90000 0.032247222222222
105625 0.032253917159763
122500 0.032251918367347
128881 0.032250758451595
140625 0.032249955555556
160000 0.032249812500000
177241 0.032252413380651
180625 0.032251294117647
202500 0.032250222222222
225625 0.032252498614958
229441 0.032251123382482
250000 0.032252520000000
275625 0.032251174603175
302500 0.032251933884298
310249 0.032251449642062
330625 0.032252340264650
360000 0.032252277777778
375769 0.032251888793381
390625 0.032251417600000
422500 0.032251786982249
452929 0.032251655336708
455625 0.032251061728395
490000 0.032251836734694
525625 0.032251319857313
552049 0.032251321893528
562500 0.032250880000000
600625 0.032251937565036
640000 0.032251375000000
674041 0.032251509922987
680625 0.032251122130395
722500 0.032250837370242
765625 0.032251258775510
776161 0.032251195306129
810000 0.032251320987654
855625 0.032251967859752
902500 0.032251556786704
908209 0.032251882551263
950625 0.032251392504931
1000000 0.032251630000000
1042441 0.032251628629342
1050625 0.032251450327186
1102500 0.032251800453515
1155625 0.032251482963764
1190281 0.032251468350751
1210000 0.032250909090909
1265625 0.032251409382716
1322500 0.032251402646503
1352569 0.032251426729431
1380625 0.032252023540063
1440000 0.032251520833333
