0 -nan
4 0.006600000000000
9 0.003209876543210
25 0.000823040000000
49 0.000311328613078
121 0.000052257359470
169 0.000030989811281
289 0.000013270913902
361 0.000012261262575
529 0.000005252982944
625 0.000003920896000
841 0.000002591756318
961 0.000001656594707
1369 0.000001300368538
1681 0.000000688522490
1849 0.000000833596340
2209 0.000000486322774
2500 0.000000398256000
2809 0.000000254788016
3481 0.000000159069289
3721 0.000000168830481
4489 0.000000133272983
5041 0.000000118449464
5329 0.000000099340660
5625 0.000000098541037
6241 0.000000092372080
10000 0.000000037700000
15625 0.000000013295206
17161 0.000000010407813
22500 0.000000007683951
30625 0.000000003307315
32761 0.000000001965092
40000 0.000000002578688
50625 0.000000001697263
57121 0.000000001277550
62500 0.000000001423974
75625 0.000000000951192
85849 0.000000000567486
90000 0.000000000754012
105625 0.000000000508002
122500 0.000000000382534
128881 0.000000000242614
140625 0.000000000245128
160000 0.000000000273012
177241 0.000000000226887
180625 0.000000000216945
202500 0.000000000147809
225625 0.000000000124328
229441 0.000000000079347
250000 0.000000000099090
275625 0.000000000086839
302500 0.000000000085305
310249 0.000000000078953
330625 0.000000000049812
360000 0.000000000052065
375769 0.000000000049379
390625 0.000000000043423
422500 0.000000000052074
452929 0.000000000032494
455625 0.000000000033902
490000 0.000000000031237
525625 0.000000000018134
552049 0.000000000023146
562500 0.000000000022268
600625 0.000000000019730
640000 0.000000000019984
674041 0.000000000017112
680625 0.000000000016219
722500 0.000000000018117
765625 0.000000000016980
776161 0.000000000015015
810000 0.000000000016499
855625 0.000000000011258
902500 0.000000000008433
908209 0.000000000009393
950625 0.000000000008144
1000000 0.000000000008453
1042441 0.000000000005580
1050625 0.000000000004047
1102500 0.000000000007205
1155625 0.000000000006107
1190281 0.000000000007139
1210000 0.000000000008073
1265625 0.000000000005939
1322500 0.000000000005494
1352569 0.000000000005248
1380625 0.000000000004998
1440000 0.000000000004183
