0 -nan
4 0.035000000000000
9 0.030000000000000
25 0.034800000000000
49 0.034081632653061
121 0.031487603305785
169 0.034082840236686
289 0.031903114186851
361 0.032437673130194
529 0.031871455576560
625 0.031744000000000
841 0.031569560047562
961 0.032476586888658
1369 0.031928414901388
1681 0.032123735871505
1849 0.032482422931314
2209 0.032118605703938
2500 0.032188000000000
2809 0.032086151655393
3481 0.032338408503304
3721 0.032211771029293
4489 0.032283359322789
5041 0.032188057925015
5329 0.032294989679114
5625 0.032222222222222
6241 0.032166319500080
10000 0.032233000000000
15625 0.032232320000000
17161 0.032239379989511
22500 0.032245777777778
30625 0.032239673469388
32761 0.032264888129178
40000 0.032200000000000
50625 0.032234666666667
57121 0.032267117172318
62500 0.032229120000000
75625 0.032229421487603
85849 0.032254423464455
90000 0.032235111111111
105625 0.032248804733728
122500 0.032256816326531
128881 0.032257043319031
140625 0.032250168888889
160000 0.032254687500000
177241 0.032251510654984
180625 0.032246643598616
202500 0.032253481481482
225625 0.032257063711911
229441 0.032250992629914
250000 0.032249880000000
275625 0.032253641723356
302500 0.032250512396694
310249 0.032244970974927
330625 0.032243629489603
360000 0.032247694444444
375769 0.032250584800769
390625 0.032249830400000
422500 0.032250579881657
452929 0.032253244989833
455625 0.032254288065844
490000 0.032252224489796
525625 0.032253184304400
552049 0.032250126347480
562500 0.032253831111111
600625 0.032253752341311
640000 0.032250671875000
674041 0.032252222045840
680625 0.032251827364555
722500 0.032251875432526
765625 0.032252251428571
776161 0.032252341975441
810000 0.032251209876543
855625 0.032251313367421
902500 0.032251468144044
908209 0.032251563241501
950625 0.032250477317554
1000000 0.032250670000000
1042441 0.032251551886390
1050625 0.032251221891731
1102500 0.032250448979592
1155625 0.032250046511628
1190281 0.032251930426513
1210000 0.032251677685950
1265625 0.032252555061728
1322500 0.032251773156900
1352569 0.032251515449489
1380625 0.032252045269353
1440000 0.032250986111111
