0 -nan
4 0.007525000000000
9 0.003914814814815
25 0.001652960000000
49 0.000366972094960
121 0.000096571272454
169 0.000089716746613
289 0.000058806767160
361 0.000030738714405
529 0.000017225495907
625 0.000012324864000
841 0.000006288165524
961 0.000005680325623
1369 0.000004965368504
1681 0.000002781551589
1849 0.000002157598527
2209 0.000002034456761
2500 0.000001319856000
2809 0.000001322238784
3481 0.000000725001096
3721 0.000000603820310
4489 0.000000467150190
5041 0.000000525443397
5329 0.000000520806905
5625 0.000000412997531
6241 0.000000332926137
10000 0.000000180211000
15625 0.000000086151578
17161 0.000000070874043
22500 0.000000051692049
30625 0.000000030626599
32761 0.000000019164654
40000 0.000000022325000
50625 0.000000027439954
57121 0.000000021415016
62500 0.000000018876826
75625 0.000000011247756
85849 0.000000007263166
90000 0.000000005893136
105625 0.000000003623098
122500 0.000000001014804
128881 0.000000000739155
140625 0.000000001599341
160000 0.000000000971387
177241 0.000000001972533
180625 0.000000001732623
202500 0.000000002230906
225625 0.000000000847041
229441 0.000000000474326
250000 0.000000000440466
275625 0.000000000408612
302500 0.000000000514190
310249 0.000000000716945
330625 0.000000000783142
360000 0.000000000292138
375769 0.000000000226038
390625 0.000000000159134
422500 0.000000000214408
452929 0.000000000289674
455625 0.000000000451556
490000 0.000000000156193
525625 0.000000000073091
552049 0.000000000111851
562500 0.000000000134737
600625 0.000000000216887
640000 0.000000000093225
674041 0.000000000083810
680625 0.000000000092650
722500 0.000000000189652
765625 0.000000000068704
776161 0.000000000061202
810000 0.000000000064334
855625 0.000000000125980
902500 0.000000000043005
908209 0.000000000042838
950625 0.000000000061435
1000000 0.000000000067801
1042441 0.000000000024188
1050625 0.000000000026523
1102500 0.000000000075874
1155625 0.000000000044882
1190281 0.000000000036082
1210000 0.000000000053350
1265625 0.000000000047740
1322500 0.000000000024019
1352569 0.000000000047960
1380625 0.000000000049671
1440000 0.000000000019784
