8 0.127500000000000
27 0.118148148148148
125 0.124320000000000
343 0.124139941690962
1331 0.123606311044328
2197 0.123413746017296
4913 0.123871361693466
6859 0.123561743694416
12167 0.123734692200214
24389 0.123672557300422
29791 0.123638682823672
50653 0.123643219552642
68921 0.123638368566910
79507 0.123586476662432
103823 0.123597757722277
148877 0.123601362198325
205379 0.123622717025597
226981 0.123598362858565
300763 0.123615637561801
357911 0.123582091637306
389017 0.123607245955832
493039 0.123616042544302
704969 0.123602130022739
1030301 0.123619039484578
1225043 0.123610746724809
1442897 0.123614783314402
