4 0.127500000000000
9 0.122222222222222
25 0.117200000000000
49 0.118775510204082
121 0.123636363636364
169 0.124497041420118
289 0.123252595155709
361 0.124404432132964
529 0.123327032136106
841 0.122592152199762
961 0.123257023933403
1369 0.124214755295836
1681 0.122944675788221
1849 0.123926446727961
2209 0.123236758714350
2809 0.123737985048060
3481 0.123947141625970
3721 0.123816178446654
4489 0.123633325907775
5041 0.123592541162468
5329 0.123955714017639
6241 0.123563531485339
10201 0.123611410646015
12769 0.123451327433628
19321 0.123500853993065
26569 0.123632805148858
32761 0.123563688532096
39601 0.123641827226585
52441 0.123617017219351
63001 0.123645497690513
73441 0.123588186435370
85849 0.123610408973896
100489 0.123636815969907
121801 0.123618935805125
139129 0.123621099842592
157609 0.123583551700728
177241 0.123599731439114
196249 0.123630744615259
214369 0.123637746129338
241081 0.123616377897885
271441 0.123609918914239
310249 0.123616127690984
332929 0.123601278350639
361201 0.123598411964529
383161 0.123644942987413
418609 0.123551810878409
452929 0.123621163581930
491401 0.123589532784834
537289 0.123595011250928
573049 0.123607405300419
619369 0.123586892466365
674041 0.123571162585065
703921 0.123602677004948
744769 0.123628145102710
786769 0.123620376501870
863041 0.123586260675912
908209 0.123637841069622
966289 0.123579860683502
1026169 0.123587683900020
1067089 0.123588538538023
1125721 0.123589175292990
1190281 0.123624849930395
1229881 0.123618732218808
1324801 0.123601431460272
1394761 0.123621330106018
1471369 0.123633955860155
