4 0.015618750000000
9 0.008518518518519
25 0.001992160000000
49 0.001186005830904
121 0.000385110306673
169 0.000174307622282
289 0.000130213958166
361 0.000126625025898
529 0.000075265597250
841 0.000034201399444
961 0.000040808492714
1369 0.000024014745798
1681 0.000021431784217
1849 0.000012554225882
2209 0.000013672430636
2809 0.000009173534541
3481 0.000008872261873
3721 0.000009795114649
4489 0.000007634806024
5041 0.000006152646887
5329 0.000004902641681
6241 0.000004492786549
10201 0.000002363996272
12769 0.000002545318719
19321 0.000001395427129
26569 0.000001144278994
32761 0.000000987330444
39601 0.000000678878834
52441 0.000000627550291
63001 0.000000444512444
73441 0.000000468161439
85849 0.000000502970902
100489 0.000000327077402
121801 0.000000278923290
139129 0.000000171221903
157609 0.000000137927668
177241 0.000000137231977
196249 0.000000150671227
214369 0.000000173385085
241081 0.000000142473150
271441 0.000000127472753
310249 0.000000102111772
332929 0.000000116860760
361201 0.000000096615037
383161 0.000000093918348
418609 0.000000077133827
452929 0.000000063179791
491401 0.000000081517193
537289 0.000000049987006
573049 0.000000048840849
619369 0.000000042390450
674041 0.000000039756650
703921 0.000000035948089
744769 0.000000041887441
786769 0.000000031543595
863041 0.000000028176624
908209 0.000000035593342
966289 0.000000033578682
1026169 0.000000028464196
1067089 0.000000032117665
1125721 0.000000029503422
1190281 0.000000029617332
1229881 0.000000021164476
1324801 0.000000026565011
1394761 0.000000016133576
1471369 0.000000025135345
