8 0.010306250000000
27 0.002789986282579
125 0.000287257600000
343 0.000083159227873
1331 0.000010075633862
2197 0.000006161503387
4913 0.000001822205045
6859 0.000001439231205
12167 0.000000507644467
24389 0.000000220313319
29791 0.000000198644359
50653 0.000000106328562
68921 0.000000061948451
79507 0.000000051401873
103823 0.000000030312587
148877 0.000000019927486
205379 0.000000012580445
226981 0.000000012207396
300763 0.000000009264701
357911 0.000000007293644
389017 0.000000006028891
493039 0.000000005294181
704969 0.000000003676318
1030301 0.000000001646118
1225043 0.000000001482418
1442897 0.000000000878944
