8 0.250000000000000
27 0.185185185185185
125 0.128000000000000
343 0.132361516034985
1331 0.120210368144252
2197 0.125625853436504
4913 0.124541013637289
6859 0.124375273363464
12167 0.123119914522890
24389 0.124116609947107
29791 0.123224463764224
50653 0.123195862041735
68921 0.123742690906980
79507 0.123511892034664
103823 0.123402328963717
148877 0.123611437629721
205379 0.123545640011880
226981 0.123635899040008
300763 0.123785804769869
357911 0.123553229713532
389017 0.123686496991134
493039 0.123685976160101
704969 0.123626911254254
1030301 0.123600287682920
1225043 0.123588314859152
1442897 0.123690720820682
8 0.250000000000000
27 0.185185185185185
125 0.128000000000000
343 0.132565597667639
1331 0.120210368144252
2197 0.125625853436504
4913 0.124530836556076
6859 0.124367983671089
12167 0.123119914522890
24389 0.124119480093485
29791 0.123224799436071
50653 0.123194874933370
68921 0.123744722218192
79507 0.123511514709397
103823 0.123402328963717
148877 0.123611639138349
205379 0.123545737392820
226981 0.123635899040008
300763 0.123786037511263
357911 0.123553117953905
389017 0.123686265638777
493039 0.123686219548555
704969 0.123626967994337
1030301 0.123600326506526
1225043 0.123588298533194
1442897 0.123690693098676
8 0.250000000000000
27 0.185185185185185
125 0.128000000000000
343 0.132565597667639
1331 0.120210368144252
2197 0.125625853436504
4913 0.124530836556076
6859 0.124367983671089
12167 0.123119914522890
24389 0.124119480093485
29791 0.123224799436071
50653 0.123194874933370
68921 0.123744722218192
79507 0.123511514709397
8 0.250000000000000
27 0.185185185185185
125 0.128000000000000
343 0.132565597667639
1331 0.120210368144252
2197 0.125625853436504
4913 0.124530836556076
6859 0.124367983671089
12167 0.123119914522890
24389 0.124119480093485
29791 0.123224799436071
50653 0.123194874933370
68921 0.123744722218192
79507 0.123511514709397
103823 0.123402328963717
148877 0.123611639138349
205379 0.123545737392820
226981 0.123635899040008
300763 0.123786037511263
357911 0.123553117953905
389017 0.123686265638777
493039 0.123686219548555
704969 0.123626967994337
1030301 0.123600326506526
1225043 0.123588298533194
1442897 0.123690693098676
8 0.250000000000000
27 0.185185185185185
125 0.128000000000000
343 0.132565597667639
1331 0.120210368144252
2197 0.125625853436504
4913 0.124530836556076
6859 0.124367983671089
12167 0.123119914522890
24389 0.124119480093485
29791 0.123224799436071
50653 0.123194874933370
68921 0.123744722218192
8 0.250000000000000
27 0.185185185185185
125 0.128000000000000
343 0.132565597667639
1331 0.120210368144252
2197 0.125625853436504
4913 0.124530836556076
6859 0.124367983671089
12167 0.123119914522890
24389 0.124119480093485
29791 0.123224799436071
8 0.117500000000000
27 0.123333333333333
125 0.121600000000000
343 0.123469387755102
1331 0.123471074380165
2197 0.123923532089213
4913 0.123462243028699
6859 0.123738154249891
12167 0.123664831100518
24389 0.123645085899381
29791 0.123675271055017
50653 0.123652893214617
68921 0.123649685872231
79507 0.123605342925780
103823 0.123608641630467
148877 0.123619229296668
205379 0.123620720716334
226981 0.123632594798684
300763 0.123617732234351
357911 0.123603437726139
389017 0.123622412388148
493039 0.123614034589556
704969 0.123615804382888
1030301 0.123616535361996
1225043 0.123609514115015
1442897 0.123605676635269
