8 0.006818750000000
27 0.001153772290809
125 0.000179200000000
343 0.000044603014050
1331 0.000009067935002
2197 0.000004100514439
4913 0.000001200829296
6859 0.000000893629774
12167 0.000000402558463
24389 0.000000157599066
29791 0.000000119596011
50653 0.000000050160414
68921 0.000000039779422
79507 0.000000045915714
103823 0.000000017966391
148877 0.000000015497690
205379 0.000000008583343
226981 0.000000008909631
300763 0.000000005902498
357911 0.000000003756503
389017 0.000000003566752
493039 0.000000002474370
704969 0.000000001542380
1030301 0.000000000974831
1225043 0.000000000819434
1442897 0.000000000848421
