4 0.042500000000000
9 0.035555555555556
25 0.043600000000000
49 0.041632653061224
121 0.042231404958678
169 0.041597633136095
289 0.041314878892734
361 0.044016620498615
529 0.046862003780718
841 0.043222354340071
961 0.044339229968783
1369 0.046669101533966
1681 0.044283164782867
1849 0.048642509464575
2209 0.051747397012223
2809 0.046756852972588
3481 0.046687733409940
3721 0.047973662993819
4489 0.048226776564936
5041 0.049757984526880
5329 0.051328579470820
6241 0.052030123377664
10201 0.040677384570140
12769 0.040009397760200
19321 0.036688059624243
26569 0.036713463058452
32761 0.036688135282806
39601 0.036723062548926
52441 0.036819664003356
63001 0.036736877192426
73441 0.036786944622214
85849 0.036784586890936
100489 0.036763327329359
121801 0.036772111887423
139129 0.042296645559157
157609 0.036816806146857
177241 0.041748748878645
196249 0.036793155633914
214369 0.040997485643913
241081 0.036799457443764
271441 0.041901886597824
310249 0.036812495769527
332929 0.040520801732502
361201 0.043225323296447
383161 0.036787538397697
418609 0.040977499289313
452929 0.043605995641701
491401 0.036807943003779
537289 0.040947888380369
573049 0.043226931728351
619369 0.036798709654503
674041 0.040844815078015
703921 0.042376332003165
744769 0.036782881672035
786769 0.039966546724642
863041 0.042949894616826
908209 0.036789736723596
966289 0.040224963753080
1026169 0.042178237697689
1067089 0.043406529352285
1125721 0.036796142205751
1190281 0.040026086277106
1229881 0.041090910421415
1324801 0.043638040732155
1394761 0.036797781125225
1471369 0.039964284961828
