4 0.008818750000000
9 0.002686419753086
25 0.000163040000000
49 0.000290878800500
121 0.000049033535961
169 0.000031129862400
289 0.000017437530681
361 0.000005815639843
529 0.000003022787940
841 0.000002781779802
961 0.000001903475936
1369 0.000000927294934
1681 0.000000717116557
1849 0.000000829647587
2209 0.000000699615405
2809 0.000000545518074
3481 0.000000233516192
3721 0.000000312722066
4489 0.000000228766429
5041 0.000000156664173
5329 0.000000137652892
6241 0.000000130977905
10201 0.000000053694777
12769 0.000000055601023
19321 0.000000509849904
26569 0.000000235987568
32761 0.000000214106041
39601 0.000000212083144
52441 0.000000509822031
63001 0.000000553504323
73441 0.000000490309009
85849 0.000000508435247
100489 0.000000521441226
121801 0.000000536104236
139129 0.000000001311880
157609 0.000001065854598
177241 0.000000000865906
196249 0.000000913652623
214369 0.000000000675063
241081 0.000000842084422
271441 0.000000000452196
310249 0.000001037614642
332929 0.000000000268920
361201 0.000000000252396
383161 0.000000848490783
418609 0.000000000217924
452929 0.000000000184863
491401 0.000001127029849
537289 0.000000000179048
573049 0.000000000129992
619369 0.000000990392841
674041 0.000000000079311
703921 0.000000000074433
744769 0.000000772217388
786769 0.000000000074872
863041 0.000000000075439
908209 0.000000828526556
966289 0.000000000068797
1026169 0.000000000045773
1067089 0.000000000061100
1125721 0.000000915859709
1190281 0.000000000043949
1229881 0.000000000040120
1324801 0.000000000044238
1394761 0.000000913289385
1471369 0.000000000035514
