4 0.025225000000000
9 0.007430864197531
25 0.002976000000000
49 0.001311911703457
121 0.000631760125674
169 0.000562655369210
289 0.000270763041630
361 0.000220663592207
529 0.000155177761658
841 0.000093212598670
961 0.000081048508913
1369 0.000049227947866
1681 0.000047939793917
1849 0.000043000455423
2209 0.000037319058356
2809 0.000026147594804
3481 0.000020834206392
3721 0.000022803555234
4489 0.000015333638263
5041 0.000018941411235
5329 0.000016504328560
6241 0.000014045814179
10201 0.000009580589642
12769 0.000004836324214
19321 0.000003923823775
26569 0.000003181602183
32761 0.000002354092271
39601 0.000001948933491
52441 0.000001633182542
63001 0.000001485317825
73441 0.000001148127190
85849 0.000000903992629
100489 0.000000819361809
121801 0.000000614973118
139129 0.000000514876277
157609 0.000000544938613
177241 0.000000469890583
196249 0.000000446907488
214369 0.000000439249903
241081 0.000000479482263
271441 0.000000227070857
310249 0.000000273784065
332929 0.000000242559987
361201 0.000000198905656
383161 0.000000218051050
418609 0.000000207543045
452929 0.000000195359675
491401 0.000000140938285
537289 0.000000143488370
573049 0.000000131183253
619369 0.000000112353775
674041 0.000000134386685
703921 0.000000109571986
744769 0.000000093805180
786769 0.000000081265132
863041 0.000000087738266
908209 0.000000085722276
966289 0.000000087305928
1026169 0.000000102306381
1067089 0.000000072663388
1125721 0.000000069775086
1190281 0.000000056218076
1229881 0.000000056124908
1324801 0.000000058905034
1394761 0.000000060052019
1471369 0.000000056653985
