4 0.145000000000000
9 0.121111111111111
25 0.120000000000000
49 0.122244897959184
121 0.120000000000000
169 0.121301775147929
289 0.125121107266436
361 0.125401662049861
529 0.121115311909263
841 0.122175980975030
961 0.123933402705515
1369 0.122958363769175
1681 0.123997620464010
1849 0.123904813412656
2209 0.123843368039837
2809 0.122915628337487
3481 0.123636885952313
3721 0.123848427841978
4489 0.124237023836044
5041 0.123461614758976
5329 0.122948020266466
6241 0.123717352988303
10201 0.123732967356142
12769 0.123033127104707
19321 0.123443403550541
26569 0.123438593849976
32761 0.123254784652483
39601 0.123375924850383
52441 0.123724757346351
63001 0.123472960746655
73441 0.123691943192495
85849 0.123556710037391
100489 0.123667068037298
121801 0.123598492623213
139129 0.123652725168728
157609 0.123769200997405
177241 0.123624443554257
196249 0.123732350228536
214369 0.123608357551698
241081 0.123536321817149
271441 0.123594040693926
310249 0.123657900589527
332929 0.123681896140018
361201 0.123617265732930
383161 0.123634581807647
418609 0.123647914879995
452929 0.123543888777270
491401 0.123623395149786
537289 0.123677499446294
573049 0.123573847960646
619369 0.123678760157515
674041 0.123586146836765
703921 0.123580970023625
744769 0.123592630735168
786769 0.123643839551380
863041 0.123593548858050
908209 0.123620785524037
966289 0.123625095597694
1026169 0.123641066919776
1067089 0.123628891310847
1125721 0.123578941851489
1190281 0.123628622148888
1229881 0.123671038092303
1324801 0.123560844232455
1394761 0.123573601498751
1471369 0.123591322095273
