0 -nan
4 0.115000000000000
9 0.124444444444444
25 0.124400000000000
49 0.120612244897959
121 0.125289256198347
169 0.126331360946746
289 0.123771626297578
361 0.126759002770083
529 0.123119092627599
625 0.123344000000000
841 0.122009512485137
961 0.125608740894901
1369 0.123360116873630
1681 0.123569303985723
1849 0.123845321795565
2209 0.123544590312358
2500 0.124124000000000
2809 0.124015663937344
3481 0.123504740017236
3721 0.123090567051868
4489 0.123918467364669
5041 0.123523110493950
5329 0.123563520360293
5625 0.123502222222222
6241 0.123177375420606
10000 0.123686000000000
15625 0.123679360000000
17161 0.123643727055533
22500 0.123771111111111
30625 0.123815510204082
32761 0.123501114129605
40000 0.123469500000000
50625 0.123609283950617
57121 0.123719997899196
62500 0.123670880000000
75625 0.123534942148760
85849 0.123546575964775
90000 0.123600555555556
105625 0.123659834319527
122500 0.123640408163265
128881 0.123669509082021
140625 0.123648995555556
160000 0.123589312500000
177241 0.123601593310803
180625 0.123596179930796
202500 0.123582567901235
225625 0.123637673130194
229441 0.123585496925135
250000 0.123630560000000
275625 0.123672235827664
302500 0.123612561983471
310249 0.123651035136294
330625 0.123604476370510
360000 0.123591500000000
375769 0.123610409586741
390625 0.123544448000000
422500 0.123620852071006
452929 0.123638406902627
455625 0.123618304526749
490000 0.123632632653061
525625 0.123594749108205
552049 0.123605259678036
562500 0.123606044444444
600625 0.123618114464100
640000 0.123649640625000
674041 0.123626218583143
680625 0.123606317722681
722500 0.123667169550173
765625 0.123593155918367
776161 0.123649010965508
810000 0.123603567901235
855625 0.123631100073046
902500 0.123622858725762
908209 0.123610908942765
950625 0.123662358974359
1000000 0.123573030000000
1042441 0.123626344320686
1050625 0.123612202260559
1102500 0.123631038548753
1155625 0.123581646295295
1190281 0.123621144922922
1210000 0.123608297520661
1265625 0.123622984691358
1322500 0.123561141776938
1352569 0.123632554050847
1380625 0.123586955183341
1440000 0.123609895833333
