0 -nan
4 0.018025000000000
9 0.009451851851852
25 0.002620640000000
49 0.001116992919617
121 0.000625257837579
169 0.000361594481986
289 0.000210690724488
361 0.000151337083049
529 0.000104820594552
625 0.000093752064000
841 0.000071086173671
961 0.000058153415028
1369 0.000046551817053
1681 0.000030328679602
1849 0.000041052374795
2209 0.000024764303240
2500 0.000021621424000
2809 0.000019462742512
3481 0.000016356168641
3721 0.000017398697558
4489 0.000012669126447
5041 0.000011099525451
5329 0.000009449497242
5625 0.000009855367901
6241 0.000009921609662
10000 0.000004219404000
15625 0.000003699056230
17161 0.000003014763118
22500 0.000002478395062
30625 0.000001906115119
32761 0.000001543264370
40000 0.000001432169750
50625 0.000001286961514
57121 0.000000921969454
62500 0.000000717589786
75625 0.000000713026898
85849 0.000000734582114
90000 0.000000555679938
105625 0.000000542642297
122500 0.000000482188921
128881 0.000000394100209
140625 0.000000405571781
160000 0.000000379771324
177241 0.000000347591130
180625 0.000000383510700
202500 0.000000304026072
225625 0.000000241360407
229441 0.000000250280197
250000 0.000000267676966
275625 0.000000194629744
302500 0.000000188246595
310249 0.000000190102789
330625 0.000000131261345
360000 0.000000152289170
375769 0.000000150071863
390625 0.000000144137961
422500 0.000000145392522
452929 0.000000110282966
455625 0.000000143881141
490000 0.000000116171470
525625 0.000000113882449
552049 0.000000118487268
562500 0.000000099532231
600625 0.000000083013446
640000 0.000000060797014
674041 0.000000072232713
680625 0.000000076799520
722500 0.000000078569383
765625 0.000000092248931
776161 0.000000075381103
810000 0.000000065043039
855625 0.000000065555012
902500 0.000000070759007
908209 0.000000059864863
950625 0.000000069638079
1000000 0.000000053198889
1042441 0.000000062336032
1050625 0.000000035139257
1102500 0.000000052234426
1155625 0.000000039746316
1190281 0.000000041114124
1210000 0.000000049670677
1265625 0.000000044314765
1322500 0.000000041236901
1352569 0.000000043957287
1380625 0.000000039744354
1440000 0.000000023235912
