4 0.024368750000000
9 0.011560493827160
25 0.004111840000000
49 0.001827405247813
121 0.000801004029779
169 0.000851269213263
289 0.000377738532824
361 0.000291820965155
529 0.000218522661083
841 0.000107795769998
961 0.000095728738166
1369 0.000063455114048
1681 0.000057277172415
1849 0.000047221701409
2209 0.000053729249924
2809 0.000055133001398
3481 0.000028747802430
3721 0.000026890067566
4489 0.000021938213760
5041 0.000022394677471
5329 0.000019015526349
6241 0.000017429208941
10201 0.000011080972098
12769 0.000007488182529
19321 0.000005079305418
26569 0.000004851504946
32761 0.000003245800043
39601 0.000002703366870
52441 0.000002550130315
63001 0.000002051662355
73441 0.000001558721526
85849 0.000001085224541
100489 0.000000934472702
121801 0.000000762096518
139129 0.000000657560046
157609 0.000000723673798
177241 0.000000510374664
196249 0.000000605528375
214369 0.000000510034799
241081 0.000000436668775
271441 0.000000416082951
310249 0.000000403387891
332929 0.000000364127251
361201 0.000000288282930
383161 0.000000289850900
418609 0.000000271630704
452929 0.000000211466630
491401 0.000000216537612
537289 0.000000260957601
573049 0.000000175255034
619369 0.000000180342098
674041 0.000000155755699
703921 0.000000151661002
744769 0.000000141567455
786769 0.000000134343662
863041 0.000000101515007
908209 0.000000107413196
966289 0.000000104096945
1026169 0.000000114161357
1067089 0.000000081854976
1125721 0.000000095835411
1190281 0.000000078511988
1229881 0.000000095810398
1324801 0.000000091755060
1394761 0.000000087153504
1471369 0.000000075799909
