4 0.032500000000000
9 0.055555555555556
25 0.048800000000000
49 0.039387755102041
121 0.039504132231405
169 0.038994082840237
289 0.040311418685121
361 0.040470914127424
529 0.043005671077505
841 0.042473246135553
961 0.043184183142560
1369 0.042520087655223
1681 0.042819750148721
1849 0.042628447809627
2209 0.043001358080579
2809 0.042897828408686
3481 0.042473427176099
3721 0.042604138672400
4489 0.042831365560258
5041 0.043066851815116
5329 0.042784762619628
6241 0.042712706297068
10201 0.042917361043035
12769 0.042837340433863
19321 0.042090471507686
26569 0.041677518913019
32761 0.041785659778395
39601 0.042509532587561
52441 0.042525123472092
63001 0.042405676100379
73441 0.042385179940360
85849 0.042441612598865
100489 0.042446735463583
121801 0.042391359676850
139129 0.042479066190370
157609 0.042422513942732
177241 0.042487855518757
196249 0.042395528130080
214369 0.042456651847982
241081 0.042277948075543
271441 0.042406784531445
310249 0.042359008409374
332929 0.042443253666698
361201 0.042464140464727
383161 0.042332544282952
418609 0.042457735022420
452929 0.042470387190928
491401 0.042402131863794
537289 0.042420038377856
573049 0.042441571314146
619369 0.042351586856946
674041 0.042455102879498
703921 0.042434520351005
744769 0.042359805523592
786769 0.042337674717738
863041 0.042437137980699
908209 0.042369939077899
966289 0.042419607384540
1026169 0.042435914552086
1067089 0.042490448313121
1125721 0.042358799382796
1190281 0.042385839982323
1229881 0.042422600235307
1324801 0.042442178108259
1394761 0.042359407812521
1471369 0.042429336216816
4 0.122500000000000
9 0.117777777777778
25 0.120400000000000
49 0.118775510204082
121 0.126859504132231
169 0.125029585798817
289 0.122733564013841
361 0.123656509695291
529 0.119508506616257
841 0.123555291319857
961 0.124401664932362
1369 0.124229364499635
1681 0.124199881023200
1849 0.124002163331531
2209 0.124363965595292
2809 0.124140263438946
3481 0.124777362826774
3721 0.123251814028487
4489 0.123417242147472
5041 0.123499305693315
5329 0.123728654531807
6241 0.123613203012338
10201 0.123944711302813
12769 0.123701151225625
19321 0.123559857150251
26569 0.123759268320223
32761 0.123279509172492
39601 0.123234514279942
52441 0.123551229000210
63001 0.123449469056047
73441 0.123850437766370
85849 0.123614718866848
100489 0.123599697479326
121801 0.123353995451597
139129 0.123644243831265
157609 0.123466743650426
177241 0.123667887226996
196249 0.123660247950308
214369 0.123593849857022
241081 0.123615548301193
271441 0.123612829307290
310249 0.123636369496759
332929 0.123664084534540
361201 0.123658710800911
383161 0.123614511915357
418609 0.123680283988161
452929 0.123679009292847
491401 0.123643928278534
537289 0.123559964935072
573049 0.123595399346304
619369 0.123558411867562
674041 0.123712563479076
703921 0.123605290934636
744769 0.123596860234516
786769 0.123577746454169
863041 0.123581394163197
908209 0.123621556271739
966289 0.123593873054542
1026169 0.123589593916792
1067089 0.123672224153749
1125721 0.123544501701576
1190281 0.123620405601702
1229881 0.123631416372804
1324801 0.123581345424709
1394761 0.123576340319238
1471369 0.123627716772611
