0 -nan
4 0.100000000000000
9 0.143333333333333
25 0.116400000000000
49 0.125918367346939
121 0.122975206611570
169 0.123017751479290
289 0.124325259515571
361 0.123047091412742
529 0.123969754253308
625 0.123568000000000
841 0.123365041617123
961 0.123933402705515
1369 0.124178232286340
1681 0.123599048185604
1849 0.123255813953488
2209 0.123929379809869
2500 0.123752000000000
2809 0.123659665361339
3481 0.123608158575122
3721 0.123821553345875
4489 0.123388282468256
5041 0.123711565165642
5329 0.123674235316194
5625 0.123598222222222
6241 0.123440153821503
10000 0.123532000000000
15625 0.123530880000000
17161 0.123613425791038
22500 0.123556888888889
30625 0.123605224489796
32761 0.123622905283722
40000 0.123606750000000
50625 0.123652148148148
57121 0.123622310533779
62500 0.123595840000000
75625 0.123603570247934
85849 0.123595266106769
90000 0.123566333333333
105625 0.123621301775148
122500 0.123628897959184
128881 0.123610772728331
140625 0.123632924444444
160000 0.123648812500000
177241 0.123607630288703
180625 0.123600996539792
202500 0.123618962962963
225625 0.123612409972299
229441 0.123624156101133
250000 0.123622760000000
275625 0.123614657596372
302500 0.123627735537190
310249 0.123611873043910
330625 0.123615576559546
360000 0.123602083333333
375769 0.123618659335922
390625 0.123628313600000
422500 0.123613230769231
452929 0.123614076378417
455625 0.123612927297668
490000 0.123609551020408
525625 0.123623286563615
552049 0.123622794353400
562500 0.123611164444444
600625 0.123610988553590
640000 0.123616406250000
674041 0.123608949603956
680625 0.123617395775941
722500 0.123615681660900
765625 0.123612956734694
776161 0.123617432465687
810000 0.123608617283951
855625 0.123610366691015
902500 0.123609573407202
908209 0.123616425294178
950625 0.123609993425378
1000000 0.123612620000000
1042441 0.123614487534546
1050625 0.123611117192148
1102500 0.123623863945578
1155625 0.123613429962142
1190281 0.123616414947395
1210000 0.123612570247934
1265625 0.123615818271605
1322500 0.123612022684310
1352569 0.123613701038542
1380625 0.123613160706202
1440000 0.123611062500000
