0 -nan
4 0.132500000000000
9 0.140000000000000
25 0.120800000000000
49 0.126326530612245
121 0.122809917355372
169 0.123076923076923
289 0.122595155709343
361 0.124681440443213
529 0.121947069943289
625 0.122000000000000
841 0.123008323424495
961 0.123933402705515
1369 0.123959094229365
1681 0.123723973825104
1849 0.123872363439697
2209 0.123526482571299
2500 0.122844000000000
2809 0.123766464934140
3481 0.123812122953174
3721 0.123628056973932
4489 0.123840498997550
5041 0.123661971830986
5329 0.123546631638206
5625 0.123740444444444
6241 0.123691716071142
10000 0.123666000000000
15625 0.123628800000000
17161 0.123604102325039
22500 0.123665777777778
30625 0.123645714285714
32761 0.123557888953329
40000 0.123629500000000
50625 0.123619160493827
57121 0.123600602230353
62500 0.123655680000000
75625 0.123659371900826
85849 0.123635452946453
90000 0.123623000000000
105625 0.123622343195266
122500 0.123609061224490
128881 0.123610772728331
140625 0.123645724444444
160000 0.123612625000000
177241 0.123595556332903
180625 0.123613674740484
202500 0.123610320987654
225625 0.123614670360111
229441 0.123629473372240
250000 0.123624400000000
275625 0.123624344671202
302500 0.123608264462810
310249 0.123636079407186
330625 0.123626434782609
360000 0.123627416666667
375769 0.123614614297614
390625 0.123614796800000
422500 0.123612686390533
452929 0.123614716655370
455625 0.123611873799726
490000 0.123627183673469
525625 0.123618206896552
552049 0.123611346094278
562500 0.123620053333333
600625 0.123609756503642
640000 0.123621625000000
674041 0.123617509914085
680625 0.123616852157943
722500 0.123613896193772
765625 0.123620532244898
776161 0.123619687152537
810000 0.123610604938272
855625 0.123618068663258
902500 0.123606337950138
908209 0.123616678539852
950625 0.123613254437870
1000000 0.123609850000000
1042441 0.123616751451641
1050625 0.123615048185604
1102500 0.123618848072562
1155625 0.123609163872363
1190281 0.123614894298069
1210000 0.123613264462810
1265625 0.123609070617284
1322500 0.123618926275992
1352569 0.123611202090245
1380625 0.123613624264373
1440000 0.123614319444444
