0 -nan
4 0.021250000000000
9 0.012418518518519
25 0.002083040000000
49 0.000800124947938
121 0.000205286524145
169 0.000148660761178
289 0.000054418649202
361 0.000041003368605
529 0.000024526784853
625 0.000027435776000
841 0.000014403751833
961 0.000016339639272
1369 0.000007992909894
1681 0.000006885614176
1849 0.000005665729009
2209 0.000004513081900
2500 0.000003852096000
2809 0.000003255872487
3481 0.000003174090464
3721 0.000002118498977
4489 0.000001915421976
5041 0.000001374686704
5329 0.000001571801577
5625 0.000001598021531
6241 0.000001402767301
10000 0.000000686576000
15625 0.000000325226906
17161 0.000000288560689
22500 0.000000258111802
30625 0.000000160255254
32761 0.000000131754518
40000 0.000000133798188
50625 0.000000083405003
57121 0.000000087993239
62500 0.000000049139814
75625 0.000000044896535
85849 0.000000030709300
90000 0.000000039704827
105625 0.000000035500830
122500 0.000000019688357
128881 0.000000018867412
140625 0.000000019845150
160000 0.000000021100543
177241 0.000000018454114
180625 0.000000015353229
202500 0.000000016372977
225625 0.000000018215845
229441 0.000000012663513
250000 0.000000011946782
275625 0.000000008977144
302500 0.000000009571782
310249 0.000000008694335
330625 0.000000007459139
360000 0.000000007482620
375769 0.000000005432462
390625 0.000000005420574
422500 0.000000003702626
452929 0.000000005151974
455625 0.000000003075811
490000 0.000000003481123
525625 0.000000002813904
552049 0.000000003871708
562500 0.000000003434134
600625 0.000000003241985
640000 0.000000002645044
674041 0.000000002228308
680625 0.000000003084858
722500 0.000000002708705
765625 0.000000002090003
776161 0.000000002240158
810000 0.000000002080566
855625 0.000000001811441
902500 0.000000001849501
908209 0.000000002157461
950625 0.000000001579027
1000000 0.000000001248696
1042441 0.000000001300521
1050625 0.000000000967034
1102500 0.000000000945724
1155625 0.000000001134131
1190281 0.000000000800510
1210000 0.000000001208118
1265625 0.000000001016800
1322500 0.000000000847104
1352569 0.000000001061502
1380625 0.000000001112552
1440000 0.000000000913274
