0 -nan
4 0.018068750000000
9 0.009535802469136
25 0.002943360000000
49 0.000880424822990
121 0.000230885868452
169 0.000235986134939
289 0.000161697058225
361 0.000117478380307
529 0.000107953802338
625 0.000067552000000
841 0.000020483372238
961 0.000019241576532
1369 0.000012544279814
1681 0.000008889499147
1849 0.000004550835220
2209 0.000004146398094
2500 0.000007266864000
2809 0.000004973638489
3481 0.000004879767137
3721 0.000003122930561
4489 0.000002339998852
5041 0.000001714786204
5329 0.000002059127535
5625 0.000002556156840
6241 0.000001229224658
10000 0.000000749844000
15625 0.000000459448320
17161 0.000000510496232
22500 0.000000386902914
30625 0.000000296225906
32761 0.000000244693683
40000 0.000000237454750
50625 0.000000168142798
57121 0.000000163814051
62500 0.000000178854298
75625 0.000000093589655
85849 0.000000085565163
90000 0.000000055089519
105625 0.000000038878899
122500 0.000000033824433
128881 0.000000020362868
140625 0.000000014280254
160000 0.000000017746078
177241 0.000000027016933
180625 0.000000022827055
202500 0.000000022162522
225625 0.000000014002228
229441 0.000000015398029
250000 0.000000008750560
275625 0.000000006781417
302500 0.000000009463944
310249 0.000000007847628
330625 0.000000007447886
360000 0.000000005340225
375769 0.000000004888222
390625 0.000000005758708
422500 0.000000006080294
452929 0.000000005891130
455625 0.000000006399913
490000 0.000000004750844
525625 0.000000002614316
552049 0.000000003533523
562500 0.000000003548608
600625 0.000000003868043
640000 0.000000002704479
674041 0.000000003095048
680625 0.000000002339429
722500 0.000000002612878
765625 0.000000001733949
776161 0.000000001343554
810000 0.000000001960771
855625 0.000000001946643
902500 0.000000001383319
908209 0.000000001258895
950625 0.000000001890794
1000000 0.000000001762527
1042441 0.000000001097266
1050625 0.000000001171318
1102500 0.000000001437731
1155625 0.000000001596079
1190281 0.000000001360934
1210000 0.000000001383872
1265625 0.000000001533866
1322500 0.000000001070384
1352569 0.000000001539845
1380625 0.000000001505125
1440000 0.000000000944413
