8 0.073750000000000
27 0.070000000000000
125 0.070480000000000
343 0.070699708454811
1331 0.070864012021037
2197 0.070468821119709
4913 0.070685935273763
6859 0.070707100160373
12167 0.070731486808581
24389 0.070713436385256
29791 0.070676043100265
50653 0.070669851736324
68921 0.070689049781634
79507 0.070652521161659
103823 0.070697533301870
148877 0.070674919564473
205379 0.070674070864110
226981 0.070681510787247
300763 0.070681998783095
357911 0.070680141152409
389017 0.070679918872440
493039 0.070692683540247
704969 0.070682285320347
1030301 0.070682761639560
1225043 0.070685167785947
1442897 0.070686944390348
