4 0.072500000000000
9 0.077777777777778
25 0.068400000000000
49 0.071632653061225
121 0.070909090909091
169 0.070532544378698
289 0.069861591695502
361 0.070692520775623
529 0.070661625708885
841 0.070820451843044
961 0.070551508844953
1369 0.070759678597516
1681 0.070814991076740
1849 0.070746349378042
2209 0.070674513354459
2809 0.070736917052332
3481 0.070712438954323
3721 0.070687987100242
4489 0.070750723991980
5041 0.070682404284864
5329 0.070628635766560
6241 0.070682582919404
10201 0.070707773747672
12769 0.070657060067351
19321 0.070708555457792
26569 0.070681245060032
32761 0.070703275235799
39601 0.070694174389536
52441 0.070667988787399
63001 0.070682687576388
73441 0.070681090943751
85849 0.070690398257405
100489 0.070685746698644
121801 0.070695232387255
139129 0.070678506997103
157609 0.070686826259922
177241 0.070686466449636
196249 0.070689379308939
214369 0.070691331302567
241081 0.070686532742107
271441 0.070682800313880
310249 0.070684321303211
332929 0.070683298841495
361201 0.070687262770590
383161 0.070689657872278
418609 0.070683836229035
452929 0.070685272967728
491401 0.070682619693489
537289 0.070687190692532
573049 0.070685508569075
619369 0.070685068190368
674041 0.070686590281600
703921 0.070686554315044
744769 0.070684507545293
786769 0.070684813458588
863041 0.070686131945064
908209 0.070685778273503
966289 0.070685457456310
1026169 0.070686378169678
1067089 0.070686587529250
1125721 0.070687825846724
1190281 0.070686300125769
1229881 0.070686326563302
1324801 0.070684880219746
1394761 0.070685486617420
1471369 0.070686591874642
