4 0.012868750000000
9 0.002592592592593
25 0.000713440000000
49 0.000162390670554
121 0.000049422853630
169 0.000037589720248
289 0.000013097304869
361 0.000010816368812
529 0.000005415932619
841 0.000002978165680
961 0.000002750343522
1369 0.000001436962993
1681 0.000001195571742
1849 0.000000904966390
2209 0.000000693815846
2809 0.000000513276694
3481 0.000000376938510
3721 0.000000392110526
4489 0.000000179642611
5041 0.000000184714266
5329 0.000000161122655
6241 0.000000188269185
10201 0.000000064442381
12769 0.000000051712582
19321 0.000000031005539
26569 0.000000022134636
32761 0.000000013001136
39601 0.000000011890023
52441 0.000000006912580
63001 0.000000004619052
73441 0.000000004349226
85849 0.000000002739466
100489 0.000000002709477
121801 0.000000002056387
139129 0.000000001429213
157609 0.000000001121777
177241 0.000000000889033
196249 0.000000000928543
214369 0.000000000827111
241081 0.000000000800887
271441 0.000000000582326
310249 0.000000000421928
332929 0.000000000467420
361201 0.000000000379055
383161 0.000000000421964
418609 0.000000000289316
452929 0.000000000223169
491401 0.000000000250170
537289 0.000000000228030
573049 0.000000000189267
619369 0.000000000121580
674041 0.000000000132160
703921 0.000000000138541
744769 0.000000000150777
786769 0.000000000104451
863041 0.000000000096275
908209 0.000000000091373
966289 0.000000000088275
1026169 0.000000000061063
1067089 0.000000000051363
1125721 0.000000000075721
1190281 0.000000000065365
1229881 0.000000000079424
1324801 0.000000000054094
1394761 0.000000000050443
1471369 0.000000000044443
