8 0.006279687500000
27 0.000875034293553
125 0.000141689600000
343 0.000029133269301
1331 0.000005011173761
2197 0.000002815027485
4913 0.000000551903135
6859 0.000000568372819
12167 0.000000233064429
24389 0.000000094369367
29791 0.000000057385565
50653 0.000000034957118
68921 0.000000026196983
79507 0.000000025980647
103823 0.000000011352320
148877 0.000000010761109
205379 0.000000006065573
226981 0.000000004900787
300763 0.000000003198035
357911 0.000000002648862
389017 0.000000003173597
493039 0.000000001826699
704969 0.000000001281955
1030301 0.000000000579989
1225043 0.000000000567679
1442897 0.000000000541809
