8 0.131250000000000
27 0.110000000000000
125 0.087200000000000
343 0.075801749271137
1331 0.072126220886551
2197 0.069786071916249
4913 0.071031956035009
6859 0.071584779122321
12167 0.071001068463878
24389 0.070359588339005
29791 0.070824074384881
50653 0.070558505912779
68921 0.070907270643200
79507 0.070660444992265
103823 0.070880248114580
148877 0.070494435003392
205379 0.070783137516494
226981 0.070706446795106
300763 0.070781977836370
357911 0.070706767883636
389017 0.070757653264510
493039 0.070577783907561
704969 0.070660128317699
1030301 0.070676433391795
1225043 0.070651471009589
1442897 0.070711215007031
8 0.127500000000000
27 0.110000000000000
125 0.086160000000000
343 0.075801749271137
1331 0.072126220886551
2197 0.069781520254893
4913 0.071021778953796
6859 0.071584779122321
12167 0.071003534149749
24389 0.070359588339005
29791 0.070824745728576
50653 0.070558505912779
68921 0.070907270643200
79507 0.070660444992265
103823 0.070880248114580
148877 0.070494435003392
205379 0.070783137516494
226981 0.070706843304065
300763 0.070781944587599
357911 0.070706656124008
389017 0.070757550441240
493039 0.070577844754675
704969 0.070659986467490
1030301 0.070676433391795
1225043 0.070651487335547
1442897 0.070711215007031
8 0.127500000000000
27 0.110000000000000
125 0.086160000000000
343 0.075801749271137
1331 0.072126220886551
2197 0.069781520254893
4913 0.071021778953796
6859 0.071584779122321
12167 0.071003534149749
24389 0.070359588339005
29791 0.070824745728576
50653 0.070558505912779
68921 0.070907270643200
79507 0.070660444992265
8 0.127500000000000
27 0.110000000000000
125 0.086160000000000
343 0.075801749271137
1331 0.072126220886551
2197 0.069781520254893
4913 0.071021778953796
6859 0.071584779122321
12167 0.071003534149749
24389 0.070359588339005
29791 0.070824745728576
50653 0.070558505912779
68921 0.070907270643200
79507 0.070660444992265
103823 0.070880248114580
148877 0.070494435003392
205379 0.070783137516494
226981 0.070706843304065
300763 0.070781944587599
357911 0.070706656124008
389017 0.070757550441240
493039 0.070577844754675
704969 0.070659986467490
1030301 0.070676433391795
1225043 0.070651487335547
1442897 0.070711215007031
8 0.127500000000000
27 0.110000000000000
125 0.086160000000000
343 0.075801749271137
1331 0.072126220886551
2197 0.069781520254893
4913 0.071021778953796
6859 0.071584779122321
12167 0.071003534149749
24389 0.070359588339005
29791 0.070824745728576
50653 0.070558505912779
68921 0.070907270643200
8 0.127500000000000
27 0.110000000000000
125 0.086160000000000
343 0.075801749271137
1331 0.072126220886551
2197 0.069781520254893
4913 0.071021778953796
6859 0.071584779122321
12167 0.071003534149749
24389 0.070359588339005
29791 0.070824745728576
8 0.067500000000000
27 0.071111111111111
125 0.069840000000000
343 0.070495626822157
1331 0.070788880540947
2197 0.070582612653619
4913 0.070537349888052
6859 0.070654614375273
12167 0.070729021122709
24389 0.070666283980483
29791 0.070707596253902
50653 0.070690778433656
68921 0.070668446482204
79507 0.070713522079817
103823 0.070666422661645
148877 0.070686808573520
205379 0.070692768004518
226981 0.070677237301801
300763 0.070685223913846
357911 0.070691820033472
389017 0.070685959739549
493039 0.070685422451368
704969 0.070684214483190
1030301 0.070684440760516
1225043 0.070684041294877
1442897 0.070685981050622
