8 0.004506250000000
27 0.000731961591221
125 0.000132934400000
343 0.000020464262340
1331 0.000003348233564
2197 0.000002433305316
4913 0.000000643291791
6859 0.000000452230876
12167 0.000000322667701
24389 0.000000105291097
29791 0.000000069010981
50653 0.000000028362338
68921 0.000000027613794
79507 0.000000021127026
103823 0.000000011713283
148877 0.000000009371369
205379 0.000000005839990
226981 0.000000004933541
300763 0.000000003040183
357911 0.000000002261787
389017 0.000000002166320
493039 0.000000002158240
704969 0.000000001415924
1030301 0.000000000708651
1225043 0.000000000634658
1442897 0.000000000428964
