4 0.050000000000000
9 0.076666666666667
25 0.070800000000000
49 0.071428571428571
121 0.071239669421488
169 0.069763313609468
289 0.070899653979239
361 0.070720221606648
529 0.071077504725898
841 0.070546967895363
961 0.070603537981270
1369 0.070657414170928
1681 0.070814991076740
1849 0.070740941049216
2209 0.070733363512902
2809 0.070711997152011
3481 0.070672220626257
3721 0.070596613813491
4489 0.070670527957229
5041 0.070674469351319
5329 0.070692437605555
6241 0.070692196763339
10201 0.070709734339771
12769 0.070729109562221
19321 0.070701309456032
26569 0.070667319056043
32761 0.070673666859986
39601 0.070666902350951
52441 0.070673137430636
63001 0.070692211234742
73441 0.070689533094593
85849 0.070677352094957
100489 0.070677785628278
121801 0.070683984532147
139129 0.070683897677695
157609 0.070688158671142
177241 0.070681614299175
196249 0.070684742342636
214369 0.070684194076569
241081 0.070685329826905
271441 0.070684310771033
310249 0.070686126305000
332929 0.070686662922125
361201 0.070685850814367
383161 0.070683315890709
418609 0.070688757289022
452929 0.070685449595853
491401 0.070685997789992
537289 0.070686241482703
573049 0.070686276391722
619369 0.070684632262835
674041 0.070686723804635
703921 0.070683002780142
744769 0.070687206368686
786769 0.070685512520193
863041 0.070686201466674
908209 0.070685734230777
966289 0.070684815826321
1026169 0.070685276986539
1067089 0.070685209949686
1125721 0.070685596164591
1190281 0.070687585536525
1229881 0.070685513476507
1324801 0.070685167055279
1394761 0.070685873780526
1471369 0.070686911305050
