4 0.010000000000000
9 0.002640740740741
25 0.000795360000000
49 0.000145772594752
121 0.000043412335223
169 0.000037320121844
289 0.000012809951988
361 0.000014802679537
529 0.000006146347390
841 0.000003592772887
961 0.000001848902191
1369 0.000001524468816
1681 0.000001054016953
1849 0.000000865800613
2209 0.000000616331272
2809 0.000000698702652
3481 0.000000321018743
3721 0.000000323122301
4489 0.000000210529231
5041 0.000000200580985
5329 0.000000171897971
6241 0.000000176479736
10201 0.000000087006199
12769 0.000000048822624
19321 0.000000025233254
26569 0.000000019246598
32761 0.000000010569811
39601 0.000000010246906
52441 0.000000005578463
63001 0.000000004705721
73441 0.000000004640684
85849 0.000000003110372
100489 0.000000002204824
121801 0.000000002038060
139129 0.000000001518199
157609 0.000000000985560
177241 0.000000001339438
196249 0.000000000761649
214369 0.000000000623449
241081 0.000000000691636
271441 0.000000000525183
310249 0.000000000339621
332929 0.000000000441985
361201 0.000000000343537
383161 0.000000000347804
418609 0.000000000213244
452929 0.000000000162665
491401 0.000000000197706
537289 0.000000000183582
573049 0.000000000150890
619369 0.000000000156961
674041 0.000000000148983
703921 0.000000000150770
744769 0.000000000104115
786769 0.000000000111406
863041 0.000000000087968
908209 0.000000000097768
966289 0.000000000095488
1026169 0.000000000073425
1067089 0.000000000073280
1125721 0.000000000065301
1190281 0.000000000051259
1229881 0.000000000069917
1324801 0.000000000049816
1394761 0.000000000052674
1471369 0.000000000044154
