4 0.075000000000000
9 0.076666666666667
25 0.070400000000000
49 0.071428571428571
121 0.068429752066116
169 0.071242603550296
289 0.070207612456747
361 0.071052631578947
529 0.070037807183365
841 0.070463733650416
961 0.070645161290323
1369 0.071373265157049
1681 0.070963712076145
1849 0.070827474310438
2209 0.071376188320507
2809 0.070288358846565
3481 0.070528583740304
3721 0.070419242139210
4489 0.070757406994876
5041 0.070688355485023
5329 0.070116344529931
6241 0.070725845217113
10201 0.070699931379277
12769 0.070776881509907
19321 0.070621603436675
26569 0.070491173924498
32761 0.070546991850066
39601 0.070723719098003
52441 0.070621460307774
63001 0.070647132585197
73441 0.070550646096867
85849 0.070701697165954
100489 0.070670322124810
121801 0.070698762735938
139129 0.070828799171991
157609 0.070787137790355
177241 0.070714902308157
196249 0.070746551574785
214369 0.070643143364945
241081 0.070631323082284
271441 0.070680921452544
310249 0.070684095677988
332929 0.070669752409673
361201 0.070677323706191
383161 0.070678879113480
418609 0.070641099450800
452929 0.070674896065388
491401 0.070714569160421
537289 0.070691936741679
573049 0.070648932290258
619369 0.070725221959769
674041 0.070726691699763
703921 0.070677916982161
744769 0.070657264198698
786769 0.070727583318611
863041 0.070653433614394
908209 0.070693893145741
966289 0.070690745729280
1026169 0.070675181183606
1067089 0.070688208762343
1125721 0.070672751063541
1190281 0.070684972708125
1229881 0.070712833192805
1324801 0.070695410103102
1394761 0.070702249345945
1471369 0.070678728449492
