4 0.013125000000000
9 0.004369135802469
25 0.001699840000000
49 0.000737192836318
121 0.000322491633085
169 0.000273043660936
289 0.000106630667736
361 0.000111781677550
529 0.000063134065416
841 0.000042122437900
961 0.000036293598088
1369 0.000027044581549
1681 0.000022955196848
1849 0.000022270497756
2209 0.000018460448542
2809 0.000017700619265
3481 0.000010448636465
3721 0.000014279313189
4489 0.000009023473185
5041 0.000006871816154
5329 0.000007310576032
6241 0.000007026429547
10201 0.000004590083215
12769 0.000003402002318
19321 0.000001663026704
26569 0.000001223730284
32761 0.000001417309068
39601 0.000001100251224
52441 0.000000586914210
63001 0.000000653971277
73441 0.000000534704898
85849 0.000000507977652
100489 0.000000327861861
121801 0.000000345616479
139129 0.000000252198946
157609 0.000000243064767
177241 0.000000206804821
196249 0.000000187087245
214369 0.000000145542066
241081 0.000000153847654
271441 0.000000136854782
310249 0.000000155922790
332929 0.000000107387453
361201 0.000000103093870
383161 0.000000098679285
418609 0.000000091479657
452929 0.000000074339759
491401 0.000000088421041
537289 0.000000079144388
573049 0.000000073679609
619369 0.000000062471502
674041 0.000000054309213
703921 0.000000054491465
744769 0.000000058967357
786769 0.000000057384982
863041 0.000000042734740
908209 0.000000041103455
966289 0.000000036776912
1026169 0.000000045951139
1067089 0.000000036921995
1125721 0.000000027605288
1190281 0.000000034478863
1229881 0.000000024564812
1324801 0.000000023432045
1394761 0.000000030293234
1471369 0.000000022903422
