0 -nan
4 0.013125000000000
9 0.003402469135802
25 0.000886240000000
49 0.000242357351104
121 0.000078300662523
169 0.000053863660236
289 0.000025712096359
361 0.000016497724849
529 0.000008885045437
625 0.000008705024000
841 0.000004295181123
961 0.000002506061042
1369 0.000001742593086
1681 0.000001326757642
1849 0.000001331928942
2209 0.000000923236580
2500 0.000001030976000
2809 0.000000659326092
3481 0.000000531931004
3721 0.000000361234829
4489 0.000000332145294
5041 0.000000225486854
5329 0.000000171880364
5625 0.000000222511407
6241 0.000000139303947
10000 0.000000058139000
15625 0.000000040574566
17161 0.000000028183369
22500 0.000000016561778
30625 0.000000012954602
32761 0.000000005178876
40000 0.000000007930688
50625 0.000000004430310
57121 0.000000002969803
62500 0.000000002249600
75625 0.000000002389800
85849 0.000000002533103
90000 0.000000002233025
105625 0.000000001909750
122500 0.000000001345699
128881 0.000000001207075
140625 0.000000001320121
160000 0.000000001108980
177241 0.000000001221594
180625 0.000000000946119
202500 0.000000000711101
225625 0.000000000871470
229441 0.000000000581280
250000 0.000000000647040
275625 0.000000000620273
302500 0.000000000589480
310249 0.000000000553466
330625 0.000000000536621
360000 0.000000000546910
375769 0.000000000494989
390625 0.000000000379225
422500 0.000000000404545
452929 0.000000000286983
455625 0.000000000446823
490000 0.000000000277150
525625 0.000000000304039
552049 0.000000000332834
562500 0.000000000274501
600625 0.000000000191240
640000 0.000000000170038
674041 0.000000000190714
680625 0.000000000175640
722500 0.000000000140814
765625 0.000000000094079
776161 0.000000000107916
810000 0.000000000111093
855625 0.000000000119831
902500 0.000000000077792
908209 0.000000000069362
950625 0.000000000056998
1000000 0.000000000052310
1042441 0.000000000047076
1050625 0.000000000052420
1102500 0.000000000059584
1155625 0.000000000061694
1190281 0.000000000061654
1210000 0.000000000072764
1265625 0.000000000042381
1322500 0.000000000065190
1352569 0.000000000058848
1380625 0.000000000053334
1440000 0.000000000038473
