0 -nan
4 0.075000000000000
9 0.068888888888889
25 0.072400000000000
49 0.069591836734694
121 0.070743801652893
169 0.071242603550296
289 0.070761245674740
361 0.069529085872576
529 0.070775047258979
625 0.070176000000000
841 0.070879904875149
961 0.070593132154006
1369 0.070701241782323
1681 0.070773349196907
1849 0.070805840995132
2209 0.070588501584427
2500 0.070632000000000
2809 0.070758276966892
3481 0.070703820741166
3721 0.070755173340500
4489 0.070699487636445
5041 0.070680420551478
5329 0.070776881215988
5625 0.070780444444444
6241 0.070708219836565
10000 0.070669000000000
15625 0.070706560000000
17161 0.070671872268516
22500 0.070696000000000
30625 0.070684081632653
32761 0.070662067702451
40000 0.070674250000000
50625 0.070693135802469
57121 0.070674708075839
62500 0.070688800000000
75625 0.070688528925620
85849 0.070682593856655
90000 0.070690555555556
105625 0.070679857988166
122500 0.070683183673469
128881 0.070689318053088
140625 0.070682382222222
160000 0.070693812500000
177241 0.070685563723969
180625 0.070684844290657
202500 0.070681382716049
225625 0.070690659279778
229441 0.070684228189382
250000 0.070685600000000
275625 0.070685605442177
302500 0.070679900826446
310249 0.070685417197155
330625 0.070684249527410
360000 0.070686055555556
375769 0.070684170328047
390625 0.070683059200000
422500 0.070687124260355
452929 0.070685758695071
455625 0.070685563786008
490000 0.070688612244898
525625 0.070683738406659
552049 0.070685192799915
562500 0.070685884444444
600625 0.070687866805411
640000 0.070686171875000
674041 0.070683904985008
680625 0.070685869605142
722500 0.070685522491349
765625 0.070687020408163
776161 0.070686081882496
810000 0.070688320987654
855625 0.070687801314828
902500 0.070685030470914
908209 0.070686780245516
950625 0.070685559500329
1000000 0.070686480000000
1042441 0.070686072401220
1050625 0.070686724568709
1102500 0.070685324263039
1155625 0.070684382909681
1190281 0.070684577843383
1210000 0.070684818181818
1265625 0.070686372345679
1322500 0.070685739130435
1352569 0.070686242254554
1380625 0.070684856496152
1440000 0.070685951388889
