4 0.095000000000000
9 0.060000000000000
25 0.074000000000000
49 0.073469387755102
121 0.072148760330579
169 0.068224852071006
289 0.073633217993080
361 0.071689750692521
529 0.071323251417769
841 0.070689655172414
961 0.070655567117586
1369 0.070482103725347
1681 0.070475907198096
1849 0.071319632233640
2209 0.071131733816206
2809 0.071071555713777
3481 0.070904912381500
3721 0.070685299650632
4489 0.070855424370684
5041 0.071106923229518
5329 0.070868830925127
6241 0.070237141483737
10201 0.070523478090383
12769 0.070819171430809
19321 0.070590031571865
26569 0.070390680868682
32761 0.070572021611062
39601 0.070789626524583
52441 0.070577220114033
63001 0.070673163918033
73441 0.070448523304421
85849 0.070784167550001
100489 0.070716197792793
121801 0.070799665027381
139129 0.070672828813547
157609 0.070742343394095
177241 0.070627055816656
196249 0.070687442993340
214369 0.070645942277102
241081 0.070655215467001
271441 0.070664011700517
310249 0.070627721604260
332929 0.070579402815615
361201 0.070641055811030
383161 0.070712546423044
418609 0.070741407853152
452929 0.070696157675927
491401 0.070686648989318
537289 0.070753486484927
573049 0.070676032939592
619369 0.070662383813203
674041 0.070690551464970
703921 0.070694978555832
744769 0.070735946313555
786769 0.070688270635981
863041 0.070708239817112
908209 0.070676749514704
966289 0.070655704452809
1026169 0.070678874532363
1067089 0.070682108052843
1125721 0.070678995950151
1190281 0.070706757479956
1229881 0.070670682773374
1324801 0.070673731375505
1394761 0.070669577081665
1471369 0.070664612344014
4 0.072500000000000
9 0.061111111111111
25 0.073200000000000
49 0.066122448979592
121 0.069917355371901
169 0.070591715976331
289 0.073183391003460
361 0.072354570637119
529 0.070037807183365
841 0.071973840665874
961 0.069719042663892
1369 0.070555149744339
1681 0.071029149315883
1849 0.071611681990265
2209 0.069642372114079
2809 0.071103595585618
3481 0.070695202528009
3721 0.070155872077399
4489 0.070830920026732
5041 0.070539575481055
5329 0.070985175455057
6241 0.070692196763339
10201 0.070337221840996
12769 0.070534106038061
19321 0.070608664147818
26569 0.070931536753359
32761 0.070803394279784
39601 0.070715638493977
52441 0.070867069659236
63001 0.070682846304027
73441 0.070669517027274
85849 0.070588475113280
100489 0.070783568350765
121801 0.070711406310293
139129 0.070593477995242
157609 0.070818734970719
177241 0.070635349608725
196249 0.070640614729247
214369 0.070644729415167
241081 0.070738050696654
271441 0.070683905526431
310249 0.070784853456417
332929 0.070634369490192
361201 0.070666803248053
383161 0.070647926067632
418609 0.070714843684679
452929 0.070633918340402
491401 0.070687829288097
537289 0.070666345300202
573049 0.070711492385468
619369 0.070718796065027
674041 0.070758707556365
703921 0.070692591924378
744769 0.070710743868233
786769 0.070709369586245
863041 0.070699028203759
908209 0.070682386983613
966289 0.070688334442387
1026169 0.070664793031167
1067089 0.070681330235810
1125721 0.070658546833540
1190281 0.070660692727180
1229881 0.070675683257161
1324801 0.070668160727536
1394761 0.070701159553501
1471369 0.070678116774242
