4 0.017868750000000
9 0.007500000000000
25 0.002785760000000
49 0.001458725531029
121 0.000536056280309
169 0.000314593326564
289 0.000209617940398
361 0.000213515856999
529 0.000090006467959
841 0.000098474439438
961 0.000049116370933
1369 0.000049239046165
1681 0.000037880061336
1849 0.000045221087744
2209 0.000029640134263
2809 0.000025977769923
3481 0.000017203572626
3721 0.000015067882117
4489 0.000017027261163
5041 0.000010894277321
5329 0.000013793868430
6241 0.000009122802594
10201 0.000006171126517
12769 0.000004215630942
19321 0.000003996070024
26569 0.000002054001194
32761 0.000001872741554
39601 0.000001171072563
52441 0.000001572048169
63001 0.000000966646536
73441 0.000000855698439
85849 0.000000877197142
100489 0.000000843853841
121801 0.000000508505270
139129 0.000000592560413
157609 0.000000363644285
177241 0.000000412725410
196249 0.000000322535025
214369 0.000000276288453
241081 0.000000220229341
271441 0.000000228664229
310249 0.000000198031018
332929 0.000000185440620
361201 0.000000228722092
383161 0.000000147592684
418609 0.000000145077818
452929 0.000000118850889
491401 0.000000127425416
537289 0.000000090161408
573049 0.000000121956692
619369 0.000000105521882
674041 0.000000100392071
703921 0.000000098078127
744769 0.000000093645850
786769 0.000000073956272
863041 0.000000072566768
908209 0.000000076864604
966289 0.000000076219653
1026169 0.000000068370237
1067089 0.000000086046799
1125721 0.000000083094338
1190281 0.000000057521107
1229881 0.000000053113970
1324801 0.000000038495149
1394761 0.000000053081704
1471369 0.000000034898087
