0 -nan
4 0.070000000000000
9 0.073333333333333
25 0.069600000000000
49 0.071020408163265
121 0.069090909090909
169 0.071360946745562
289 0.069965397923875
361 0.070664819944598
529 0.069810964083176
625 0.070000000000000
841 0.070261593341260
961 0.070780437044745
1369 0.071227173119065
1681 0.070910172516359
1849 0.070713899405084
2209 0.070733363512902
2500 0.070292000000000
2809 0.070637237451050
3481 0.070752657282390
3721 0.070669174952970
4489 0.070793049676988
5041 0.070662566951002
5329 0.070675548883468
5625 0.070650666666667
6241 0.070656946002243
10000 0.070656000000000
15625 0.070680960000000
17161 0.070673620418390
22500 0.070727555555556
30625 0.070674938775510
32761 0.070636732700467
40000 0.070664250000000
50625 0.070730469135802
57121 0.070690989303409
62500 0.070681280000000
75625 0.070689586776860
85849 0.070691097158965
90000 0.070683111111111
105625 0.070682603550296
122500 0.070683265306122
128881 0.070688154188748
140625 0.070690417777778
160000 0.070687937500000
177241 0.070695493706309
180625 0.070676262975779
202500 0.070683753086420
225625 0.070688088642659
229441 0.070686581735610
250000 0.070688440000000
275625 0.070686367346939
302500 0.070687735537190
310249 0.070684321303211
330625 0.070685973534972
360000 0.070691083333333
375769 0.070685421096472
390625 0.070686361600000
422500 0.070685396449704
452929 0.070686487286087
455625 0.070690458161866
490000 0.070686040816326
525625 0.070685184304400
552049 0.070687728806682
562500 0.070688266666667
600625 0.070686518210198
640000 0.070686406250000
674041 0.070683474744118
680625 0.070686104683196
722500 0.070683515570934
765625 0.070687255510204
776161 0.070686893569762
810000 0.070685567901235
855625 0.070684026296567
902500 0.070685650969529
908209 0.070686130615310
950625 0.070685180802104
1000000 0.070683250000000
1042441 0.070686024436875
1050625 0.070685230220107
1102500 0.070685505668934
1155625 0.070686779881017
1190281 0.070685938866537
1210000 0.070686347107438
1265625 0.070685677037037
1322500 0.070686177693762
1352569 0.070685199793874
1380625 0.070686247170666
1440000 0.070684687500000
