0 -nan
4 0.012318750000000
9 0.003282716049383
25 0.000859360000000
49 0.000253894210746
121 0.000058814288641
169 0.000047617380344
289 0.000025779145365
361 0.000016930502375
529 0.000011469370107
625 0.000005892864000
841 0.000004538365939
961 0.000001699040953
1369 0.000002155631240
1681 0.000001352520613
1849 0.000001334356694
2209 0.000000723735834
2500 0.000000862400000
2809 0.000000474939360
3481 0.000000450461119
3721 0.000000402315757
4489 0.000000266605515
5041 0.000000235466516
5329 0.000000221320046
5625 0.000000254972840
6241 0.000000115211570
10000 0.000000078779000
15625 0.000000034915942
17161 0.000000028847546
22500 0.000000019930864
30625 0.000000009544397
32761 0.000000010355050
40000 0.000000006534750
50625 0.000000005831345
57121 0.000000003453313
62500 0.000000003276262
75625 0.000000002061341
85849 0.000000002917470
90000 0.000000002405136
105625 0.000000002049102
122500 0.000000001112730
128881 0.000000001327392
140625 0.000000001170829
160000 0.000000001201793
177241 0.000000000834889
180625 0.000000000879376
202500 0.000000000744725
225625 0.000000000914401
229441 0.000000000866969
250000 0.000000000695526
275625 0.000000000637758
302500 0.000000000569599
310249 0.000000000551040
330625 0.000000000419581
360000 0.000000000469737
375769 0.000000000385203
390625 0.000000000562315
422500 0.000000000316275
452929 0.000000000388263
455625 0.000000000365006
490000 0.000000000302614
525625 0.000000000240217
552049 0.000000000274201
562500 0.000000000210863
600625 0.000000000271151
640000 0.000000000174760
674041 0.000000000244529
680625 0.000000000128728
722500 0.000000000134290
765625 0.000000000132011
776161 0.000000000139114
810000 0.000000000095381
855625 0.000000000097163
902500 0.000000000076511
908209 0.000000000084332
950625 0.000000000069144
1000000 0.000000000059570
1042441 0.000000000053187
1050625 0.000000000055964
1102500 0.000000000051644
1155625 0.000000000070335
1190281 0.000000000053033
1210000 0.000000000062442
1265625 0.000000000045799
1322500 0.000000000046990
1352569 0.000000000055496
1380625 0.000000000067130
1440000 0.000000000059491
