0 -nan
4 0.067500000000000
9 0.078888888888889
25 0.070800000000000
49 0.071836734693878
121 0.071652892561983
169 0.071005917159763
289 0.070484429065744
361 0.070803324099723
529 0.070850661625709
625 0.070544000000000
841 0.070760998810939
961 0.070790842872008
1369 0.070708546384222
1681 0.070844735276621
1849 0.070800432666306
2209 0.070719782707107
2500 0.070680000000000
2809 0.070683517265931
3481 0.070657856937662
3721 0.070583176565439
4489 0.070781911338828
5041 0.070735965086292
5329 0.070664289735410
5625 0.070640000000000
6241 0.070733856753725
10000 0.070711000000000
15625 0.070677760000000
17161 0.070661383369267
22500 0.070680000000000
30625 0.070686693877551
32761 0.070684350294558
40000 0.070684500000000
50625 0.070694913580247
57121 0.070699917718527
62500 0.070686240000000
75625 0.070677289256198
85849 0.070692844412864
90000 0.070685777777778
105625 0.070685633136095
122500 0.070690693877551
128881 0.070681791730356
140625 0.070683875555556
160000 0.070685687500000
177241 0.070688779684159
180625 0.070689550173010
202500 0.070686222222222
225625 0.070683789473684
229441 0.070685710051822
250000 0.070689440000000
275625 0.070683029478458
302500 0.070684595041322
310249 0.070687737913740
330625 0.070686971644612
360000 0.070689972222222
375769 0.070683797758729
390625 0.070686105600000
422500 0.070684662721893
452929 0.070684146963431
455625 0.070683939643347
490000 0.070689142857143
525625 0.070686230677765
552049 0.070688598294717
562500 0.070686293333333
600625 0.070685719042664
640000 0.070686078125000
674041 0.070685269887143
680625 0.070686692378329
722500 0.070685951557093
765625 0.070685727346939
776161 0.070684922329259
810000 0.070685209876543
855625 0.070684867786706
902500 0.070687024930748
908209 0.070686009497814
950625 0.070687537146614
1000000 0.070686500000000
1042441 0.070685314564565
1050625 0.070686315288519
1102500 0.070685596371882
1155625 0.070685975121687
1190281 0.070686350534034
1210000 0.070686702479339
1265625 0.070684120493827
1322500 0.070684642722117
1352569 0.070686013061071
1380625 0.070687471253961
1440000 0.070686125000000
