0 -nan
4 0.012600000000000
9 0.004004938271605
25 0.000851840000000
49 0.000245564348188
121 0.000156437401817
169 0.000123118938413
289 0.000063595981849
361 0.000063611390336
529 0.000051476016738
625 0.000025107200000
841 0.000006874071267
961 0.000002771566645
1369 0.000004583330888
1681 0.000003057583426
1849 0.000001523194828
2209 0.000000968813330
2500 0.000002309936000
2809 0.000001057426030
3481 0.000001385276877
3721 0.000001177133263
4489 0.000000557085633
5041 0.000000327640663
5329 0.000000331467713
5625 0.000000623309432
6241 0.000000157871302
10000 0.000000097664000
15625 0.000000079617638
17161 0.000000062278794
22500 0.000000057507358
30625 0.000000034911960
32761 0.000000039964385
40000 0.000000025915688
50625 0.000000025431089
57121 0.000000026405594
62500 0.000000020030362
75625 0.000000014867618
85849 0.000000007650205
90000 0.000000006228346
105625 0.000000003401337
122500 0.000000001821241
128881 0.000000000819395
140625 0.000000001295266
160000 0.000000002052543
177241 0.000000002416741
180625 0.000000003138353
202500 0.000000001977952
225625 0.000000001577790
229441 0.000000001421267
250000 0.000000000683806
275625 0.000000000520015
302500 0.000000000878611
310249 0.000000000874063
330625 0.000000001164433
360000 0.000000000752360
375769 0.000000000320376
390625 0.000000000300289
422500 0.000000000456475
452929 0.000000000614485
455625 0.000000000518148
490000 0.000000000325424
525625 0.000000000139387
552049 0.000000000237965
562500 0.000000000311143
600625 0.000000000399340
640000 0.000000000142212
674041 0.000000000179090
680625 0.000000000203037
722500 0.000000000270599
765625 0.000000000144913
776161 0.000000000135754
810000 0.000000000122228
855625 0.000000000200329
902500 0.000000000135935
908209 0.000000000142368
950625 0.000000000122753
1000000 0.000000000126668
1042441 0.000000000089732
1050625 0.000000000069125
1102500 0.000000000121198
1155625 0.000000000103441
1190281 0.000000000073260
1210000 0.000000000085178
1265625 0.000000000096557
1322500 0.000000000074608
1352569 0.000000000081827
1380625 0.000000000097947
1440000 0.000000000062099
