4 0.009618750000000
9 0.002908641975309
25 0.000277760000000
49 0.000197042898792
121 0.000037811624889
169 0.000038412520570
289 0.000018595323332
361 0.000013808979366
529 0.000008680286305
841 0.000005468123702
961 0.000003453738464
1369 0.000002831933863
1681 0.000001820536132
1849 0.000002031443187
2209 0.000001572315895
2809 0.000001263750588
3481 0.000000838598437
3721 0.000000679019787
4489 0.000000629245390
5041 0.000000658260270
5329 0.000000705237342
6241 0.000000577855024
10201 0.000000318925352
12769 0.000000179071282
19321 0.000000194119737
26569 0.000000104032691
32761 0.000000071407067
39601 0.000000092203472
52441 0.000000051247310
63001 0.000000064240314
73441 0.000000034194187
85849 0.000000040584510
100489 0.000000037567482
121801 0.000000023458190
139129 0.000000027508691
157609 0.000000016486315
177241 0.000000018581084
196249 0.000000017488855
214369 0.000000014327532
241081 0.000000011875370
271441 0.000000013434738
310249 0.000000011234693
332929 0.000000009255537
361201 0.000000007715180
383161 0.000000006658891
418609 0.000000009137491
452929 0.000000007189725
491401 0.000000006698604
537289 0.000000005611648
573049 0.000000004918109
619369 0.000000004450670
674041 0.000000004397123
703921 0.000000004999229
744769 0.000000004346552
786769 0.000000003972059
863041 0.000000003264900
908209 0.000000002865399
966289 0.000000002766101
1026169 0.000000003329004
1067089 0.000000002467539
1125721 0.000000002173598
1190281 0.000000002139057
1229881 0.000000002368560
1324801 0.000000002748180
1394761 0.000000002327506
1471369 0.000000001590655
