4 0.047500000000000
9 0.042222222222222
25 0.043200000000000
49 0.043469387755102
121 0.040661157024793
169 0.042781065088757
289 0.041072664359862
361 0.041606648199446
529 0.041531190926276
841 0.041557669441142
961 0.041082206035380
1369 0.041161431701972
1681 0.041439619274242
1849 0.041411573823688
2209 0.041312811226799
2809 0.041217515129939
3481 0.041286986498133
3721 0.041311475409836
4489 0.041479171307641
5041 0.041331085102162
5329 0.041349221242259
6241 0.041379586604711
10201 0.041304774041761
12769 0.041371289842588
19321 0.041350344185084
26569 0.041341036546351
32761 0.041390677940234
39601 0.041306280144441
52441 0.041353711790393
63001 0.041358232409009
73441 0.041380563990142
85849 0.041357383312560
100489 0.041358855198081
121801 0.041363207198627
139129 0.041369951627626
157609 0.041352397388474
177241 0.041349744133694
196249 0.041353586515091
214369 0.041365402646838
241081 0.041366719069524
271441 0.041360148245843
310249 0.041371511269980
332929 0.041363113456623
361201 0.041378595297355
383161 0.041362899668808
418609 0.041367576903507
452929 0.041362310649130
491401 0.041371364730637
537289 0.041367401901025
573049 0.041353688777050
619369 0.041392497848617
674041 0.041351134426541
703921 0.041357936472985
744769 0.041352459621708
786769 0.041363398913785
863041 0.041369123830733
908209 0.041362241510489
966289 0.041363877680487
1026169 0.041362845691109
1067089 0.041360973639500
1125721 0.041361358631490
1190281 0.041368794427534
1229881 0.041361050378045
1324801 0.041360604347370
1394761 0.041355658783118
1471369 0.041367447594723
