8 0.047500000000000
27 0.041851851851852
125 0.040640000000000
343 0.041603498542274
1331 0.041262208865515
2197 0.041429221665908
4913 0.041477712192143
6859 0.041252369150022
12167 0.041345442590614
24389 0.041357169215630
29791 0.041382632338626
50653 0.041317394823604
68921 0.041365476415026
79507 0.041325417887733
103823 0.041347100353486
148877 0.041358772678117
205379 0.041363625297620
226981 0.041356369035294
300763 0.041361171420687
357911 0.041361120502024
389017 0.041362125562636
493039 0.041354740700026
704969 0.041359861213755
1030301 0.041360747975592
1225043 0.041357862540335
1442897 0.041362467314022
