8 0.004306250000000
27 0.000731275720165
125 0.000048230400000
343 0.000025984921249
1331 0.000003292915118
2197 0.000001644896245
4913 0.000000949209094
6859 0.000000475865252
12167 0.000000182438868
24389 0.000000102592481
29791 0.000000067110820
50653 0.000000025071847
68921 0.000000023083178
79507 0.000000019138974
103823 0.000000016354771
148877 0.000000009726114
205379 0.000000005884980
226981 0.000000003683550
300763 0.000000003499531
357911 0.000000002034656
389017 0.000000002135704
493039 0.000000002047288
704969 0.000000001279452
1030301 0.000000000503918
1225043 0.000000000383903
1442897 0.000000000250107
