8 0.003281250000000
27 0.000802606310014
125 0.000053574400000
343 0.000021202050166
1331 0.000003776556382
2197 0.000002541534169
4913 0.000000655674977
6859 0.000000442002563
12167 0.000000193590893
24389 0.000000103488041
29791 0.000000051251506
50653 0.000000027716283
68921 0.000000019178611
79507 0.000000019824838
103823 0.000000014326052
148877 0.000000006687420
205379 0.000000004162830
226981 0.000000004421855
300763 0.000000002899526
357911 0.000000002353546
389017 0.000000002201302
493039 0.000000001513273
704969 0.000000001040570
1030301 0.000000000552481
1225043 0.000000000457408
1442897 0.000000000356970
