8 0.125000000000000
27 0.039259259259259
125 0.048000000000000
343 0.046647230320700
1331 0.040773854244929
2197 0.041989076012745
4913 0.041115408100957
6859 0.041259658842397
12167 0.041028191008466
24389 0.040961089015540
29791 0.041331610217851
50653 0.041386887252483
68921 0.041438748712294
79507 0.041291961714063
103823 0.041503327779009
148877 0.041262250045339
205379 0.041499569089342
226981 0.041413157929518
300763 0.041414668692625
357911 0.041386126718654
389017 0.041362099856819
493039 0.041321274787593
704969 0.041343661919886
1030301 0.041341316760830
1225043 0.041368343805075
1442897 0.041379252988952
8 0.125000000000000
27 0.040000000000000
125 0.048000000000000
343 0.046647230320700
1331 0.040803906836965
2197 0.042043695949021
4913 0.041115408100957
6859 0.041259658842397
12167 0.041038053751952
24389 0.040961089015540
29791 0.041333959920781
50653 0.041386689830810
68921 0.041438748712294
79507 0.041291961714063
103823 0.041503327779009
148877 0.041262250045339
205379 0.041499715160752
226981 0.041413157929518
300763 0.041414668692625
357911 0.041386126718654
389017 0.041361611446286
493039 0.041321274787593
704969 0.041343661919886
1030301 0.041341316760830
1225043 0.041368343805075
1442897 0.041379252988952
8 0.125000000000000
27 0.040000000000000
125 0.048000000000000
343 0.046647230320700
1331 0.040803906836965
2197 0.042043695949021
4913 0.041115408100957
6859 0.041259658842397
12167 0.041038053751952
24389 0.040961089015540
29791 0.041333959920781
50653 0.041386689830810
68921 0.041438748712294
79507 0.041291961714063
8 0.125000000000000
27 0.040000000000000
125 0.048000000000000
343 0.046647230320700
1331 0.040803906836965
2197 0.042043695949021
4913 0.041115408100957
6859 0.041259658842397
12167 0.041038053751952
24389 0.040961089015540
29791 0.041333959920781
50653 0.041386689830810
68921 0.041438748712294
79507 0.041291961714063
103823 0.041503327779009
148877 0.041262250045339
205379 0.041499715160752
226981 0.041413157929518
300763 0.041414668692625
357911 0.041386126718654
389017 0.041361611446286
493039 0.041321274787593
704969 0.041343661919886
1030301 0.041341316760830
1225043 0.041368343805075
1442897 0.041379252988952
8 0.125000000000000
27 0.040000000000000
125 0.048000000000000
343 0.046647230320700
1331 0.040803906836965
2197 0.042043695949021
4913 0.041115408100957
6859 0.041259658842397
12167 0.041038053751952
24389 0.040961089015540
29791 0.041333959920781
50653 0.041386689830810
68921 0.041438748712294
8 0.125000000000000
27 0.040000000000000
125 0.048000000000000
343 0.046647230320700
1331 0.040803906836965
2197 0.042043695949021
4913 0.041115408100957
6859 0.041259658842397
12167 0.041038053751952
24389 0.040961089015540
29791 0.041333959920781
8 0.037500000000000
27 0.039629629629630
125 0.042160000000000
343 0.040349854227405
1331 0.041592787377911
2197 0.041351843422849
4913 0.041204966415632
6859 0.041428779705496
12167 0.041426810224377
24389 0.041319037270901
29791 0.041347722466517
50653 0.041374449687087
68921 0.041353723828731
79507 0.041374973272794
103823 0.041354805775214
148877 0.041364616428327
205379 0.041354568870235
226981 0.041358615919394
300763 0.041359608728467
357911 0.041365004149076
389017 0.041356187518797
493039 0.041355105782707
704969 0.041360088174090
1030301 0.041358690324478
1225043 0.041363274595259
1442897 0.041360596078584
