4 0.040000000000000
9 0.031111111111111
25 0.031200000000000
49 0.033877551020408
121 0.032066115702479
169 0.031538461538462
289 0.032422145328720
361 0.031994459833795
529 0.031568998109641
841 0.031724137931034
961 0.031467221644121
1369 0.031577794010226
1681 0.031957168352171
1849 0.031357490535425
2209 0.031625169760072
2809 0.031395514417942
3481 0.031694915254237
3721 0.032671324912658
4489 0.032167520605926
5041 0.032773259273954
5329 0.032567085757178
6241 0.032550873257491
10201 0.032783060484266
12769 0.032607095308951
19321 0.032852336835567
26569 0.032773909443336
32761 0.032792955038002
39601 0.032735789500265
52441 0.032740222345112
63001 0.032637894636593
73441 0.032744924497215
85849 0.032647905042575
100489 0.032671536188040
121801 0.032708762653837
139129 0.033359040890109
157609 0.032706507877088
177241 0.033290040114872
196249 0.032641287344139
214369 0.033392608072996
241081 0.032648072639486
271441 0.033330926426001
310249 0.032636011719619
332929 0.033409705973346
361201 0.033262920091583
383161 0.032678247525192
418609 0.033370257208995
452929 0.033231676487926
491401 0.032640409767176
537289 0.033356238448954
573049 0.033268149844080
619369 0.032662984424471
674041 0.033371501140138
703921 0.033430470180603
744769 0.032640456302558
786769 0.033436930026475
863041 0.033265360510103
908209 0.032636716879044
966289 0.033410873972487
1026169 0.033285267826255
1067089 0.033275275070777
1125721 0.032636861176082
1190281 0.033435272847336
1229881 0.033352421900981
1324801 0.033230122863736
1394761 0.032636193584421
1471369 0.033416158693027
