4 0.008400000000000
9 0.002488888888889
25 0.000274560000000
49 0.000185089546022
121 0.000026336998839
169 0.000032250271349
289 0.000011411501299
361 0.000007884377806
529 0.000005252982944
841 0.000001919463410
961 0.000001345286139
1369 0.000001001568168
1681 0.000000800350773
1849 0.000000631683447
2209 0.000000430437973
2809 0.000000381966575
3481 0.000000241067341
3721 0.000000232929152
4489 0.000000192545119
5041 0.000000171806816
5329 0.000000114355674
6241 0.000000091078116
10201 0.000000045969456
12769 0.000000059310374
19321 0.000000033946865
26569 0.000000035722737
32761 0.000000029312955
39601 0.000000024188338
52441 0.000000019012359
63001 0.000000018495659
73441 0.000000017210756
85849 0.000000019164848
100489 0.000000016869919
121801 0.000000016259558
139129 0.000000000928140
157609 0.000000016376193
177241 0.000000000801875
196249 0.000000013985362
214369 0.000000000519745
241081 0.000000016018588
271441 0.000000000383490
310249 0.000000013412845
332929 0.000000000287224
361201 0.000000000212469
383161 0.000000015205595
418609 0.000000000180342
452929 0.000000000182905
491401 0.000000013437043
537289 0.000000000131621
573049 0.000000000125163
619369 0.000000014550900
674041 0.000000000086814
703921 0.000000000095583
744769 0.000000014369993
786769 0.000000000060000
863041 0.000000000066663
908209 0.000000014161616
966289 0.000000000080931
1026169 0.000000000047192
1067089 0.000000000053147
1125721 0.000000014180810
1190281 0.000000000031094
1229881 0.000000000036883
1324801 0.000000000036642
1394761 0.000000013800458
1471369 0.000000000030675
