4 0.009618750000000
9 0.003302469135802
25 0.001180640000000
49 0.000593544356518
121 0.000200881087357
169 0.000199446798081
289 0.000080807222136
361 0.000074642613240
529 0.000061733627310
841 0.000034819965473
961 0.000029021105097
1369 0.000015594391304
1681 0.000015676166526
1849 0.000014128315746
2209 0.000011688387007
2809 0.000010659362845
3481 0.000008144174297
3721 0.000009290327688
4489 0.000006707373749
5041 0.000005596933945
5329 0.000004189639774
6241 0.000004611810692
10201 0.000003305060299
12769 0.000001931647333
19321 0.000001503021793
26569 0.000000857256577
32761 0.000000868718684
39601 0.000000821187163
52441 0.000000507945416
63001 0.000000408159857
73441 0.000000395134625
85849 0.000000359290549
100489 0.000000239666441
121801 0.000000194142987
139129 0.000000135159658
157609 0.000000205233088
177241 0.000000158916829
196249 0.000000138332647
214369 0.000000133124395
241081 0.000000113569960
271441 0.000000077732399
310249 0.000000088895076
332929 0.000000068801419
361201 0.000000079013514
383161 0.000000067911136
418609 0.000000067989732
452929 0.000000056755213
491401 0.000000045341846
537289 0.000000059630227
573049 0.000000051555358
619369 0.000000040932084
674041 0.000000035568055
703921 0.000000032094443
744769 0.000000030791449
786769 0.000000032276092
863041 0.000000027837935
908209 0.000000031291358
966289 0.000000031233371
1026169 0.000000023884859
1067089 0.000000026666311
1125721 0.000000022945578
1190281 0.000000026104575
1229881 0.000000022028363
1324801 0.000000020884091
1394761 0.000000021580135
1471369 0.000000017375724
