4 0.047500000000000
9 0.038888888888889
25 0.044400000000000
49 0.039387755102041
121 0.039917355371901
169 0.041065088757396
289 0.041418685121107
361 0.041689750692521
529 0.040869565217391
841 0.041438763376932
961 0.040874089490114
1369 0.041957633308985
1681 0.041505056513980
1849 0.041151974040022
2209 0.041819827976460
2809 0.041100035599858
3481 0.041163458776214
3721 0.040919107766729
4489 0.041508130986857
5041 0.041251735766713
5329 0.040915744042034
6241 0.041442076590290
10201 0.041494951475346
12769 0.041217009945963
19321 0.041355002329072
26569 0.041192743422786
32761 0.041263392448338
39601 0.041296684427161
52441 0.041245971663393
63001 0.041322994873097
73441 0.041293555370978
85849 0.041403860266282
100489 0.041400849844262
121801 0.041394816134515
139129 0.041436149185288
157609 0.041372891142003
177241 0.041425290987977
196249 0.041391854226009
214369 0.041359758173990
241081 0.041381195531792
271441 0.041349685567029
310249 0.041351333928554
332929 0.041323975982867
361201 0.041371673943317
383161 0.041379263547177
418609 0.041325055123038
452929 0.041325903176878
491401 0.041406142844642
537289 0.041361799701836
573049 0.041327774762717
619369 0.041406269929557
674041 0.041414424345107
703921 0.041377498327227
744769 0.041341879159847
786769 0.041376528561751
863041 0.041351071385948
908209 0.041359356711946
966289 0.041369642001513
1026169 0.041352564733489
1067089 0.041365284432695
1125721 0.041350059206500
1190281 0.041353655145298
1229881 0.041384686811163
1324801 0.041372553311780
1394761 0.041374923732453
1471369 0.041361820182429
