0 -nan
4 0.042500000000000
9 0.037777777777778
25 0.038400000000000
49 0.040816326530612
121 0.041074380165289
169 0.040887573964497
289 0.041072664359862
361 0.041080332409972
529 0.041134215500945
625 0.041392000000000
841 0.041105826397146
961 0.041436004162331
1369 0.041380569758948
1681 0.041302795954789
1849 0.041054624121147
2209 0.041575373472159
2500 0.041160000000000
2809 0.041228195087220
3481 0.041476587187590
3721 0.041287288363343
4489 0.041419024281577
5041 0.041303312834755
5329 0.041420529179959
5625 0.041400888888889
6241 0.041395609677936
10000 0.041344000000000
15625 0.041360000000000
17161 0.041287803741041
22500 0.041370666666667
30625 0.041390367346939
32761 0.041365648179238
40000 0.041383750000000
50625 0.041344592592593
57121 0.041396334097792
62500 0.041341760000000
75625 0.041397421487603
85849 0.041350627264150
90000 0.041370555555556
105625 0.041394461538462
122500 0.041327755102041
128881 0.041367385417556
140625 0.041339093333333
160000 0.041370500000000
177241 0.041342409487647
180625 0.041372456747405
202500 0.041372049382716
225625 0.041356454293629
229441 0.041369371646741
250000 0.041363600000000
275625 0.041343963718821
302500 0.041380330578512
310249 0.041347111513655
330625 0.041378419659735
360000 0.041364388888889
375769 0.041361368287432
390625 0.041370060800000
422500 0.041355147928994
452929 0.041361096330772
455625 0.041375451303155
490000 0.041339244897959
525625 0.041361464922711
552049 0.041363049294537
562500 0.041362737777778
600625 0.041347995837669
640000 0.041348515625000
674041 0.041370050189825
680625 0.041360455463728
722500 0.041370020761246
765625 0.041371297959184
776161 0.041358790250992
810000 0.041372753086420
855625 0.041363108838568
902500 0.041368188365651
908209 0.041364531732233
950625 0.041361577909270
1000000 0.041355650000000
1042441 0.041359347915134
1050625 0.041356973230220
1102500 0.041356825396825
1155625 0.041353631151974
1190281 0.041354990964319
1210000 0.041359380165289
1265625 0.041361880493827
1322500 0.041364408317580
1352569 0.041361705022073
1380625 0.041359811679493
1440000 0.041359104166667
