0 -nan
4 0.008818750000000
9 0.002770370370370
25 0.000573440000000
49 0.000141607663474
121 0.000053896591763
169 0.000037880326319
289 0.000013087726440
361 0.000013206620575
529 0.000007369899336
625 0.000008737536000
841 0.000004984016254
961 0.000003451572839
1369 0.000002586490702
1681 0.000002181748563
1849 0.000002305457381
2209 0.000001757164044
2500 0.000001323200000
2809 0.000001365430067
3481 0.000000947037891
3721 0.000000961523392
4489 0.000000845863612
5041 0.000000655836188
5329 0.000000764733985
5625 0.000000593717728
6241 0.000000627148888
10000 0.000000385664000
15625 0.000000199505920
17161 0.000000215716187
22500 0.000000141342025
30625 0.000000089502547
32761 0.000000104303886
40000 0.000000066729688
50625 0.000000069493836
57121 0.000000045702956
62500 0.000000067578982
75625 0.000000045233649
85849 0.000000042132939
90000 0.000000044065123
105625 0.000000029464595
122500 0.000000037430237
128881 0.000000033253385
140625 0.000000023189120
160000 0.000000023337562
177241 0.000000018356092
180625 0.000000015225871
202500 0.000000018448758
225625 0.000000014874042
229441 0.000000014450898
250000 0.000000013501920
275625 0.000000009113768
302500 0.000000012294543
310249 0.000000013509506
330625 0.000000008300324
360000 0.000000009131386
375769 0.000000009667953
390625 0.000000008731542
422500 0.000000007025566
452929 0.000000007032453
455625 0.000000005808612
490000 0.000000006896115
525625 0.000000006497557
552049 0.000000005768001
562500 0.000000005685312
600625 0.000000006549765
640000 0.000000005351776
674041 0.000000005165433
680625 0.000000003990322
722500 0.000000004653305
765625 0.000000006147429
776161 0.000000003505018
810000 0.000000005071674
855625 0.000000003493149
902500 0.000000003127571
908209 0.000000003492966
950625 0.000000003548136
1000000 0.000000003259748
1042441 0.000000002943634
1050625 0.000000003167096
1102500 0.000000004495320
1155625 0.000000003032856
1190281 0.000000002857387
1210000 0.000000003053827
1265625 0.000000002417528
1322500 0.000000002761502
1352569 0.000000002018880
1380625 0.000000002268454
1440000 0.000000002354474
