4 0.007968750000000
9 0.003896296296296
25 0.001711840000000
49 0.000765472719700
121 0.000257386790520
169 0.000191628444382
289 0.000154810167503
361 0.000122454554523
529 0.000061805096465
841 0.000052750038528
961 0.000044881599877
1369 0.000029636941543
1681 0.000023199803522
1849 0.000019300801655
2209 0.000020180745422
2809 0.000013464464334
3481 0.000011095650282
3721 0.000012220391669
4489 0.000007207435259
5041 0.000008332782078
5329 0.000007356128149
6241 0.000006494733605
10201 0.000004784601013
12769 0.000003317622540
19321 0.000002241156086
26569 0.000001273994215
32761 0.000001350202823
39601 0.000000728649749
52441 0.000000608114922
63001 0.000000713175041
73441 0.000000472792723
85849 0.000000463954740
100489 0.000000411677738
121801 0.000000375804830
139129 0.000000293652799
157609 0.000000246160494
177241 0.000000269700173
196249 0.000000236214256
214369 0.000000172094657
241081 0.000000208793900
271441 0.000000153357501
310249 0.000000148842797
332929 0.000000126410566
361201 0.000000120012527
383161 0.000000098679797
418609 0.000000093784017
452929 0.000000098155312
491401 0.000000081680879
537289 0.000000075406417
573049 0.000000072432209
619369 0.000000067462896
674041 0.000000040522056
703921 0.000000068705640
744769 0.000000066764026
786769 0.000000049172087
863041 0.000000047464960
908209 0.000000045010486
966289 0.000000037139761
1026169 0.000000035100354
1067089 0.000000036280084
1125721 0.000000029955917
1190281 0.000000044720713
1229881 0.000000035172137
1324801 0.000000035736128
1394761 0.000000027781477
1471369 0.000000025440128
