4 0.040000000000000
9 0.033333333333333
25 0.029600000000000
49 0.030408163265306
121 0.031404958677686
169 0.030414201183432
289 0.031522491349481
361 0.032603878116343
529 0.032362948960302
841 0.032330558858502
961 0.032424557752341
1369 0.032410518626735
1681 0.031850089232600
1849 0.032298539751217
2209 0.032806699864192
2809 0.031847632609470
3481 0.032033898305085
3721 0.032252082773448
4489 0.032078413900646
5041 0.032180122991470
5329 0.031884030775005
6241 0.031700048069220
10201 0.031782178217822
12769 0.031855274492913
19321 0.032153097665752
26569 0.031674507885129
32761 0.031759714294435
39601 0.032044897856115
52441 0.031927690166091
63001 0.031759972063935
73441 0.031906700616822
85849 0.031919533133758
100489 0.031869756888814
121801 0.031862299981117
139129 0.031846128413199
157609 0.031919814223807
177241 0.031894313392499
196249 0.031905589327844
214369 0.031913942780906
241081 0.031935697960437
271441 0.031908996798568
310249 0.031853865765885
332929 0.031917586031857
361201 0.031921976960197
383161 0.031887848711116
418609 0.031928816628405
452929 0.031891333961835
491401 0.031889414144456
537289 0.031934415184379
573049 0.031925995857248
619369 0.031873390499040
674041 0.031925862076639
703921 0.031948954499155
744769 0.031901703749753
786769 0.031885216626481
863041 0.031901670951901
908209 0.031890071558419
966289 0.031926752762372
1026169 0.031943003540353
1067089 0.031936014709176
1125721 0.031901616830458
1190281 0.031896627771089
1229881 0.031911989859182
1324801 0.031937272088412
1394761 0.031881232698649
1471369 0.031891245499939
4 0.037500000000000
9 0.042222222222222
25 0.039600000000000
49 0.048775510204082
121 0.037520661157025
169 0.039230769230769
289 0.041487889273356
361 0.041662049861496
529 0.040869565217391
841 0.040986920332937
961 0.041654526534860
1369 0.041154127100073
1681 0.041207614515170
1849 0.041579232017307
2209 0.041928474422816
2809 0.041235315058740
3481 0.041625969548980
3721 0.041193227626982
4489 0.041744263755848
5041 0.042035310454275
5329 0.041439294426722
6241 0.041442076590290
10201 0.041118517792373
12769 0.041390868509672
19321 0.041679519693598
26569 0.041181452068200
32761 0.041421507279998
39601 0.041495669301280
52441 0.041345893480292
63001 0.041232996301646
73441 0.041378521534293
85849 0.041261983249659
100489 0.041458368577655
121801 0.041375358166189
139129 0.041287438276707
157609 0.041413117271222
177241 0.041391551616161
196249 0.041423854389067
214369 0.041300187993600
241081 0.041375222435613
271441 0.041418540308944
310249 0.041396233348053
332929 0.041316136473542
361201 0.041329647481596
383161 0.041349119560707
418609 0.041377108471151
452929 0.041398983063571
491401 0.041377367974424
537289 0.041401070932031
573049 0.041358138658300
619369 0.041388832828249
674041 0.041354709876699
703921 0.041367227288289
744769 0.041374372456426
786769 0.041346773957794
863041 0.041365369663782
908209 0.041346606342813
966289 0.041365098847239
1026169 0.041346201259247
1067089 0.041349456324636
1125721 0.041363295168163
1190281 0.041348530305029
1229881 0.041363871789222
1324801 0.041351402965426
1394761 0.041346560450142
1471369 0.041365089246817
