0 -nan
4 0.035000000000000
9 0.052222222222222
25 0.041600000000000
49 0.040612244897959
121 0.041570247933884
169 0.040769230769231
289 0.041314878892734
361 0.041135734072022
529 0.041436672967864
625 0.041472000000000
841 0.041403091557669
961 0.041248699271592
1369 0.041614317019722
1681 0.041296847114813
1849 0.041335857220119
2209 0.041466727025804
2500 0.041312000000000
2809 0.041359914560342
3481 0.041358804941109
3721 0.041332975006719
4489 0.041352194252617
5041 0.041335052568935
5329 0.041384875211109
5625 0.041315555555556
6241 0.041371575068098
10000 0.041444000000000
15625 0.041349120000000
17161 0.041373463084902
22500 0.041340888888889
30625 0.041356081632653
32761 0.041357711913556
40000 0.041358000000000
50625 0.041335901234568
57121 0.041353442691830
62500 0.041347200000000
75625 0.041357884297521
85849 0.041369497606262
90000 0.041350555555556
105625 0.041369656804734
122500 0.041366612244898
128881 0.041362962733064
140625 0.041361991111111
160000 0.041378875000000
177241 0.041369660518729
180625 0.041358283737024
202500 0.041363753086420
225625 0.041351047091413
229441 0.041356165637353
250000 0.041358880000000
275625 0.041354630385488
302500 0.041358049586777
310249 0.041357651434815
330625 0.041363629489603
360000 0.041356861111111
375769 0.041356950679806
390625 0.041361484800000
422500 0.041356118343195
452929 0.041357055962414
455625 0.041359407407407
490000 0.041360224489796
525625 0.041360665873960
552049 0.041362234149505
562500 0.041357262222222
600625 0.041359350676379
640000 0.041362656250000
674041 0.041360362351845
680625 0.041362086317723
722500 0.041360318339100
765625 0.041361175510204
776161 0.041359911152454
810000 0.041362518518519
855625 0.041361928414901
902500 0.041363346260388
908209 0.041356604041581
950625 0.041361367521368
1000000 0.041362120000000
1042441 0.041360029008836
1050625 0.041361446757882
1102500 0.041360526077098
1155625 0.041361981611682
1190281 0.041359830157753
1210000 0.041362462809917
1265625 0.041361635555556
1322500 0.041360710775047
1352569 0.041360773461465
1380625 0.041360673607967
1440000 0.041359881944444
