0 -nan
4 0.032500000000000
9 0.046666666666667
25 0.043200000000000
49 0.038367346938776
121 0.041652892561983
169 0.040414201183432
289 0.041176470588235
361 0.041440443213296
529 0.040756143667297
625 0.040832000000000
841 0.041771700356718
961 0.041155046826223
1369 0.041672753834916
1681 0.041618084473528
1849 0.041168199026501
2209 0.041416930737890
2500 0.041116000000000
2809 0.041139195443218
3481 0.041453605285837
3721 0.041359849502822
4489 0.041354421920249
5041 0.041273556833962
5329 0.041321073372115
5625 0.041258666666667
6241 0.041371575068098
10000 0.041329000000000
15625 0.041380480000000
17161 0.041348406270031
22500 0.041348444444444
30625 0.041373061224490
32761 0.041328408778731
40000 0.041353750000000
50625 0.041368691358025
57121 0.041375501129182
62500 0.041344960000000
75625 0.041354842975207
85849 0.041364139360971
90000 0.041367888888889
105625 0.041363597633136
122500 0.041357142857143
128881 0.041363738642624
140625 0.041350897777778
160000 0.041362062500000
177241 0.041360351160285
180625 0.041355515570934
202500 0.041361432098765
225625 0.041367578947368
229441 0.041349366503807
250000 0.041363400000000
275625 0.041362721088435
302500 0.041359735537190
310249 0.041359101882681
330625 0.041366926275992
360000 0.041360333333333
375769 0.041360862657643
390625 0.041362688000000
422500 0.041357964497041
452929 0.041359970326475
455625 0.041363138545953
490000 0.041358448979592
525625 0.041358154577883
552049 0.041361708833817
562500 0.041361493333333
600625 0.041362547346514
640000 0.041360781250000
674041 0.041355852240442
680625 0.041359118457300
722500 0.041362048442907
765625 0.041362220408163
776161 0.041362513705275
810000 0.041361320987654
855625 0.041363424397370
902500 0.041363734072022
908209 0.041361118420980
950625 0.041362377383300
1000000 0.041360410000000
1042441 0.041358513335527
1050625 0.041361465794170
1102500 0.041359727891156
1155625 0.041361946998378
1190281 0.041358670767659
1210000 0.041363892561983
1265625 0.041361406419753
1322500 0.041357829867675
1352569 0.041360980474933
1380625 0.041362100497963
1440000 0.041361409722222
