0 -nan
4 0.007068750000000
9 0.003254320987654
25 0.001045760000000
49 0.000693710953769
121 0.000352325660816
169 0.000173701901194
289 0.000049927563128
361 0.000059379532078
529 0.000034613941488
625 0.000027518976000
841 0.000007738225684
961 0.000004989058181
1369 0.000006556267044
1681 0.000006157067070
1849 0.000004120040915
2209 0.000002280866311
2500 0.000002637744000
2809 0.000001209862871
3481 0.000001182600733
3721 0.000001143303610
4489 0.000000965226699
5041 0.000000429581971
5329 0.000000660604296
5625 0.000000619254519
6241 0.000000420024800
10000 0.000000223459000
15625 0.000000065638810
17161 0.000000067312752
22500 0.000000092334617
30625 0.000000056411162
32761 0.000000034472172
40000 0.000000035767187
50625 0.000000029937251
57121 0.000000017525361
62500 0.000000012599398
75625 0.000000011538167
85849 0.000000013905616
90000 0.000000014414556
105625 0.000000013698487
122500 0.000000009839067
128881 0.000000008759619
140625 0.000000007574520
160000 0.000000004267387
177241 0.000000003292999
180625 0.000000003314425
202500 0.000000002420946
225625 0.000000001787319
229441 0.000000002296640
250000 0.000000001293880
275625 0.000000001019888
302500 0.000000001228087
310249 0.000000001270961
330625 0.000000001464753
360000 0.000000001509580
375769 0.000000001506725
390625 0.000000001200423
422500 0.000000001336493
452929 0.000000001231877
455625 0.000000000943252
490000 0.000000000899835
525625 0.000000000520866
552049 0.000000000737155
562500 0.000000000565458
600625 0.000000000553833
640000 0.000000000728979
674041 0.000000000637263
680625 0.000000000650982
722500 0.000000000570900
765625 0.000000000434759
776161 0.000000000382568
810000 0.000000000427589
855625 0.000000000426098
902500 0.000000000512037
908209 0.000000000421836
950625 0.000000000404850
1000000 0.000000000290082
1042441 0.000000000300560
1050625 0.000000000342900
1102500 0.000000000332676
1155625 0.000000000411518
1190281 0.000000000403670
1210000 0.000000000404804
1265625 0.000000000313115
1322500 0.000000000277962
1352569 0.000000000314480
1380625 0.000000000290499
1440000 0.000000000296694
