0 -nan
4 0.007525000000000
9 0.003075308641975
25 0.000541440000000
49 0.000204039983340
121 0.000044334403388
169 0.000027236441301
289 0.000013606158930
361 0.000011107189171
529 0.000006766699662
625 0.000005206016000
841 0.000003658517619
961 0.000004125948408
1369 0.000001658928982
1681 0.000001961807810
1849 0.000001165642575
2209 0.000000905796916
2500 0.000000950656000
2809 0.000000776581301
3481 0.000000462897821
3721 0.000000410231491
4489 0.000000304355276
5041 0.000000312183204
5329 0.000000346091858
5625 0.000000287604938
6241 0.000000293195796
10000 0.000000110664000
15625 0.000000061331866
17161 0.000000054227179
22500 0.000000042313284
30625 0.000000027027778
32761 0.000000026622612
40000 0.000000019373500
50625 0.000000011523356
57121 0.000000007290498
62500 0.000000008524800
75625 0.000000009339498
85849 0.000000006315981
90000 0.000000007719444
105625 0.000000006163244
122500 0.000000004452938
128881 0.000000002848231
140625 0.000000003730349
160000 0.000000002892797
177241 0.000000002368343
180625 0.000000002005935
202500 0.000000002271225
225625 0.000000001698032
229441 0.000000001577033
250000 0.000000001952026
275625 0.000000001159854
302500 0.000000001115048
310249 0.000000001356832
330625 0.000000001037275
360000 0.000000000932169
375769 0.000000000775797
390625 0.000000000696917
422500 0.000000000710778
452929 0.000000000596720
455625 0.000000000604813
490000 0.000000000601291
525625 0.000000000446284
552049 0.000000000434901
562500 0.000000000363610
600625 0.000000000342753
640000 0.000000000472437
674041 0.000000000427493
680625 0.000000000364220
722500 0.000000000342297
765625 0.000000000347175
776161 0.000000000263680
810000 0.000000000339659
855625 0.000000000288201
902500 0.000000000219794
908209 0.000000000173253
950625 0.000000000204858
1000000 0.000000000185186
1042441 0.000000000181155
1050625 0.000000000158753
1102500 0.000000000166877
1155625 0.000000000159462
1190281 0.000000000195902
1210000 0.000000000136455
1265625 0.000000000152576
1322500 0.000000000118975
1352569 0.000000000141524
1380625 0.000000000162090
1440000 0.000000000090132
