8 0.004267187500000
27 0.000797805212620
125 0.000259705600000
343 0.000042651446251
1331 0.000006869139702
2197 0.000004405477822
4913 0.000001532465842
6859 0.000000772630871
12167 0.000000282104565
24389 0.000000187695398
29791 0.000000120564120
50653 0.000000049034495
68921 0.000000046941622
79507 0.000000036129471
103823 0.000000019517367
148877 0.000000015377840
205379 0.000000008541295
226981 0.000000008866783
300763 0.000000007628883
357911 0.000000005226745
389017 0.000000004610523
493039 0.000000003668489
704969 0.000000001780750
1030301 0.000000001543659
1225043 0.000000001000693
1442897 0.000000000741234
