4 0.013368750000000
9 0.004523456790123
25 0.001481440000000
49 0.000632194918784
121 0.000215149238440
169 0.000129753860159
289 0.000075171513751
361 0.000055171461238
529 0.000028031632248
841 0.000018618342639
961 0.000023878612398
1369 0.000015437521109
1681 0.000010017655421
1849 0.000011125859622
2209 0.000008142417506
2809 0.000008569959170
3481 0.000005320259089
3721 0.000005752449418
4489 0.000004255842640
5041 0.000004232207228
5329 0.000003454365360
6241 0.000003626844832
10201 0.000001860857715
12769 0.000001542094263
19321 0.000000964339931
26569 0.000000859893734
32761 0.000000571058547
39601 0.000000514543636
52441 0.000000352246291
63001 0.000000316953279
73441 0.000000276337009
85849 0.000000191369251
100489 0.000000175357253
121801 0.000000154400764
139129 0.000000110964476
157609 0.000000107871144
177241 0.000000109799970
196249 0.000000091885242
214369 0.000000079959709
241081 0.000000061377003
271441 0.000000051832230
310249 0.000000045670308
332929 0.000000040837003
361201 0.000000055693549
383161 0.000000047101810
418609 0.000000049565652
452929 0.000000037388347
491401 0.000000037870352
537289 0.000000026871975
573049 0.000000032353743
619369 0.000000031352112
674041 0.000000032072097
703921 0.000000022912007
744769 0.000000023414523
786769 0.000000021750565
863041 0.000000019359930
908209 0.000000022265006
966289 0.000000023537023
1026169 0.000000019467644
1067089 0.000000014020624
1125721 0.000000017255509
1190281 0.000000015659453
1229881 0.000000014000310
1324801 0.000000011125893
1394761 0.000000015931119
1471369 0.000000014266884
