8 0.046250000000000
27 0.063703703703704
125 0.064880000000000
343 0.065276967930029
1331 0.065386927122464
2197 0.065389167045972
4913 0.065601465499695
6859 0.065602857559411
12167 0.065399852058848
24389 0.065444257657140
29791 0.065450303783022
50653 0.065445876848360
68921 0.065418087375401
79507 0.065475366948822
103823 0.065422979493946
148877 0.065460749477757
205379 0.065449437381621
226981 0.065449531018015
300763 0.065463304994298
357911 0.065455518271302
389017 0.065437500160661
493039 0.065446303436442
704969 0.065449658070071
1030301 0.065446777203943
1225043 0.065446274130786
1442897 0.065448448503254
