4 0.077500000000000
9 0.062222222222222
25 0.071600000000000
49 0.063469387755102
121 0.065289256198347
169 0.066804733727811
289 0.065882352941176
361 0.065650969529086
529 0.064914933837429
841 0.065945303210464
961 0.066326742976067
1369 0.065931336742148
1681 0.064991076740036
1849 0.066127636560303
2209 0.065305568130376
2809 0.065443218227127
3481 0.065570238437231
3721 0.065076592313894
4489 0.065315214969926
5041 0.065731005752827
5329 0.065376243197598
6241 0.065580836404422
10201 0.065511224389766
12769 0.065615161719790
19321 0.065419491744734
26569 0.065434528962325
32761 0.065478770489301
39601 0.065378399535365
52441 0.065447073854427
63001 0.065448961127601
73441 0.065443144837352
85849 0.065471583827418
100489 0.065453333200649
121801 0.065445275490349
139129 0.065476715853632
157609 0.065474814255531
177241 0.065409414300303
196249 0.065418881115318
214369 0.065451114666766
241081 0.065418510790979
271441 0.065454334459422
310249 0.065433571099343
332929 0.065454135866806
361201 0.065405189908112
383161 0.065464256539679
418609 0.065424393646577
452929 0.065460281854330
491401 0.065432650727207
537289 0.065435268542628
573049 0.065433374807390
619369 0.065444234374016
674041 0.065457531515145
703921 0.065442670413299
744769 0.065448723026871
786769 0.065455095460040
863041 0.065475695824416
908209 0.065438737118879
966289 0.065450512217359
1026169 0.065456693780459
1067089 0.065461240814965
1125721 0.065459274544936
1190281 0.065450830518172
1229881 0.065445925256183
1324801 0.065424535458533
1394761 0.065445714355363
1471369 0.065460051149644
