8 0.007337500000000
27 0.000812620027435
125 0.000133497600000
343 0.000025032936957
1331 0.000004170954317
2197 0.000001836327064
4913 0.000000628215708
6859 0.000000470984909
12167 0.000000180750764
24389 0.000000076577361
29791 0.000000073384597
50653 0.000000032288867
68921 0.000000019504309
79507 0.000000015637055
103823 0.000000011546026
148877 0.000000007847391
205379 0.000000004447416
226981 0.000000004650401
300763 0.000000002132617
357911 0.000000002137856
389017 0.000000001792850
493039 0.000000001376871
704969 0.000000001058458
1030301 0.000000000569052
1225043 0.000000000502186
1442897 0.000000000343096
