8 0.000000000000000
27 0.118518518518519
125 0.056000000000000
343 0.058309037900875
1331 0.063598797896319
2197 0.059171597633136
4913 0.063301445145532
6859 0.061962385187345
12167 0.065422865126983
24389 0.066546393866087
29791 0.065355308650264
50653 0.065070183404734
68921 0.065335674177682
79507 0.065277271183669
103823 0.065399766910993
148877 0.065436568442406
205379 0.065683443779549
226981 0.065569364836704
300763 0.065510052765799
357911 0.065379382025140
389017 0.065619240290270
493039 0.065445127058914
704969 0.065418734724506
1030301 0.065454901043481
1225043 0.065473620109661
1442897 0.065407302115120
8 0.000000000000000
27 0.119259259259259
125 0.056000000000000
343 0.058309037900875
1331 0.063523666416228
2197 0.059171597633136
4913 0.063301445145532
6859 0.061962385187345
12167 0.065422865126983
24389 0.066546393866087
29791 0.065355308650264
50653 0.065070183404734
68921 0.065335674177682
79507 0.065277271183669
103823 0.065399766910993
148877 0.065436568442406
205379 0.065683443779549
226981 0.065569364836704
300763 0.065510052765799
357911 0.065379382025140
389017 0.065619240290270
493039 0.065445127058914
704969 0.065418663799401
1030301 0.065454862219875
1225043 0.065473620109661
1442897 0.065407302115120
8 0.000000000000000
27 0.119259259259259
125 0.056000000000000
343 0.058309037900875
1331 0.063523666416228
2197 0.059171597633136
4913 0.063301445145532
6859 0.061962385187345
12167 0.065422865126983
24389 0.066546393866087
29791 0.065355308650264
50653 0.065070183404734
68921 0.065335674177682
79507 0.065277271183669
103823 0.065399766910993
8 0.000000000000000
27 0.119259259259259
125 0.056000000000000
343 0.058309037900875
1331 0.063523666416228
2197 0.059171597633136
4913 0.063301445145532
6859 0.061962385187345
12167 0.065422865126983
24389 0.066546393866087
29791 0.065355308650264
50653 0.065070183404734
68921 0.065335674177682
79507 0.065277271183669
103823 0.065399766910993
148877 0.065436568442406
205379 0.065683443779549
226981 0.065569364836704
300763 0.065510052765799
357911 0.065379382025140
389017 0.065619240290270
493039 0.065445127058914
704969 0.065418663799401
1030301 0.065454862219875
1225043 0.065473620109661
1442897 0.065407302115120
8 0.000000000000000
27 0.119259259259259
125 0.056000000000000
343 0.058309037900875
1331 0.063523666416228
2197 0.059171597633136
4913 0.063301445145532
6859 0.061962385187345
12167 0.065422865126983
24389 0.066546393866087
29791 0.065355308650264
50653 0.065070183404734
68921 0.065335674177682
8 0.000000000000000
27 0.119259259259259
125 0.056000000000000
343 0.058309037900875
1331 0.063523666416228
2197 0.059171597633136
4913 0.063301445145532
6859 0.061962385187345
12167 0.065422865126983
24389 0.066546393866087
29791 0.065355308650264
8 0.060000000000000
27 0.064444444444444
125 0.066320000000000
343 0.065393586005831
1331 0.065386927122464
2197 0.065352753755121
4913 0.065422348870344
6859 0.065404577926812
12167 0.065478754006739
24389 0.065468038869982
29791 0.065473800812326
50653 0.065438572246461
68921 0.065432161460223
79507 0.065450211931025
103823 0.065464974042361
148877 0.065448255942825
205379 0.065453819523905
226981 0.065453231768298
300763 0.065457286966814
357911 0.065450908186672
389017 0.065457242228489
493039 0.065445938353761
704969 0.065447828202375
1030301 0.065449669562584
1225043 0.065450935191663
1442897 0.065445738677120
