4 0.000000000000000
9 0.000000000000000
25 0.000000000000000
49 0.000000000000000
121 0.000000000000000
169 0.000000000000000
289 0.000000000000000
361 0.000000000000000
529 0.000000000000000
841 0.000000000000000
961 0.000000000000000
1369 0.000000000000000
1681 0.000000000000000
1849 0.000000000000000
2209 0.000000000000000
2809 0.000000000000000
3481 0.000000000000000
3721 0.000000000000000
4489 0.000000000000000
5041 0.000000000000000
5329 0.000000000000000
6241 0.000000000000000
10201 0.000000000000000
12769 0.000000000000000
19321 0.000000000000000
26569 0.000000000000000
32761 0.000000000000000
39601 0.000000000000000
52441 0.000000000000000
63001 0.000000000000000
73441 0.000000000000000
85849 0.000000000000000
100489 0.000000000000000
121801 0.000000000000000
139129 0.000000000000000
157609 0.000000000000000
177241 0.000000000000000
196249 0.000000000000000
214369 0.000000000000000
241081 0.000000000000000
271441 0.000000000000000
310249 0.000000000000000
332929 0.000000000000000
361201 0.000000000000000
383161 0.000000000000000
418609 0.000000000000000
452929 0.000000000000000
491401 0.000000000000000
537289 0.000000000000000
573049 0.000000000000000
619369 0.000000000000000
674041 0.000000000000000
703921 0.000000000000000
744769 0.000000000000000
786769 0.000000000000000
863041 0.000000000000000
908209 0.000000000000000
966289 0.000000000000000
1026169 0.000000000000000
1067089 0.000000000000000
1125721 0.000000000000000
1190281 0.000000000000000
1229881 0.000000000000000
1324801 0.000000000000000
1394761 0.000000000000000
1471369 0.000000000000000
