4 0.010725000000000
9 0.005603703703704
25 0.001683840000000
49 0.000751520199917
121 0.000333932108463
169 0.000257049823185
289 0.000151032674417
361 0.000118688469241
529 0.000072799911378
841 0.000044329057334
961 0.000038648931643
1369 0.000032562570665
1681 0.000026971106191
1849 0.000019129630534
2209 0.000017976974315
2809 0.000015707268036
3481 0.000012058888070
3721 0.000014033094848
4489 0.000011081323962
5041 0.000007979810545
5329 0.000007640652814
6241 0.000006072038721
10201 0.000004653704919
12769 0.000003193630960
19321 0.000002015950446
26569 0.000001857932496
32761 0.000001122713920
39601 0.000001291249127
52441 0.000000709484949
63001 0.000000774016118
73441 0.000000473887431
85849 0.000000632110853
100489 0.000000388630897
121801 0.000000434326280
139129 0.000000352426960
157609 0.000000263095932
177241 0.000000239608198
196249 0.000000214024361
214369 0.000000240596840
241081 0.000000183117774
271441 0.000000150976234
310249 0.000000140744568
332929 0.000000133854816
361201 0.000000087249022
383161 0.000000097000565
418609 0.000000104025023
452929 0.000000078336731
491401 0.000000079211894
537289 0.000000069802058
573049 0.000000079922235
619369 0.000000063752333
674041 0.000000060018452
703921 0.000000064296616
744769 0.000000062257781
786769 0.000000046998406
863041 0.000000046271840
908209 0.000000054413816
966289 0.000000043188556
1026169 0.000000041697915
1067089 0.000000045982646
1125721 0.000000034719772
1190281 0.000000040476170
1229881 0.000000033166188
1324801 0.000000028775184
1394761 0.000000024911550
1471369 0.000000030115492
