4 0.055000000000000
9 0.076666666666667
25 0.069600000000000
49 0.068163265306122
121 0.062231404958678
169 0.066745562130178
289 0.066297577854671
361 0.065983379501385
529 0.066654064272212
841 0.064958382877527
961 0.064651404786680
1369 0.065047479912345
1681 0.065847709696609
1849 0.065365062195782
2209 0.065228610230874
2809 0.064396582413670
3481 0.065472565354783
3721 0.065896264445042
4489 0.065121407885943
5041 0.065292600674469
5329 0.065334959654720
6241 0.065284409549752
10201 0.065146554259386
12769 0.065695825828178
19321 0.065682935665856
26569 0.065303925627611
32761 0.065367662769757
39601 0.065413752177975
52441 0.065389103945386
63001 0.065464833891526
73441 0.065414414291744
85849 0.065463429975888
100489 0.065478808625820
121801 0.065468592211887
139129 0.065452134350135
157609 0.065421390910418
177241 0.065510632415750
196249 0.065501378350973
214369 0.065459184863483
241081 0.065489150949266
271441 0.065518031542766
310249 0.065457068354773
332929 0.065536165368592
361201 0.065507653633296
383161 0.065435495783757
418609 0.065470307614026
452929 0.065517067796498
491401 0.065470318538220
537289 0.065428791581439
573049 0.065426551656141
619369 0.065442409936564
674041 0.065504947028445
703921 0.065460470706230
744769 0.065463224167494
786769 0.065431518018631
863041 0.065455105840858
908209 0.065466263822534
966289 0.065466252849820
1026169 0.065461010808161
1067089 0.065417317580820
1125721 0.065427677017662
1190281 0.065412553842328
1229881 0.065460178667692
1324801 0.065434703023322
1394761 0.065426592799770
1471369 0.065464937755247
