0 -nan
4 0.012600000000000
9 0.005771604938272
25 0.002025440000000
49 0.000725489379425
121 0.000253063315347
169 0.000242467000455
289 0.000130381580680
361 0.000106790923949
529 0.000071004606187
625 0.000063236864000
841 0.000045862818314
961 0.000033732205332
1369 0.000026180034693
1681 0.000021048630794
1849 0.000018927805391
2209 0.000017891722840
2500 0.000013815616000
2809 0.000010854800867
3481 0.000009421614162
3721 0.000007405046757
4489 0.000009232320128
5041 0.000006046022693
5329 0.000005714213074
5625 0.000005792350815
6241 0.000005617970345
10000 0.000003012800000
15625 0.000002469847040
17161 0.000002102186982
22500 0.000001503343210
30625 0.000000951835828
32761 0.000001067174148
40000 0.000000825500250
50625 0.000000669798540
57121 0.000000522013942
62500 0.000000493591040
75625 0.000000477018014
85849 0.000000413599578
90000 0.000000406517086
105625 0.000000329802682
122500 0.000000220521743
128881 0.000000218505490
140625 0.000000196439892
160000 0.000000180598043
177241 0.000000125875567
180625 0.000000195326921
202500 0.000000138400412
225625 0.000000148309804
229441 0.000000127626919
250000 0.000000117338746
275625 0.000000136180215
302500 0.000000100120108
310249 0.000000125458807
330625 0.000000080964668
360000 0.000000098048043
375769 0.000000116167458
390625 0.000000095201722
422500 0.000000085328360
452929 0.000000086829268
455625 0.000000082317736
490000 0.000000073038638
525625 0.000000057953385
552049 0.000000083888525
562500 0.000000049480960
600625 0.000000054192611
640000 0.000000066696083
674041 0.000000045366716
680625 0.000000065675886
722500 0.000000047606452
765625 0.000000048478024
776161 0.000000041847625
810000 0.000000052673104
855625 0.000000039121435
902500 0.000000037362674
908209 0.000000034179866
950625 0.000000029510688
1000000 0.000000028899110
1042441 0.000000027959965
1050625 0.000000030270653
1102500 0.000000030004138
1155625 0.000000038489166
1190281 0.000000031787174
1210000 0.000000025732182
1265625 0.000000033037834
1322500 0.000000025476116
1352569 0.000000022005367
1380625 0.000000024784272
1440000 0.000000020623905
