0 -nan
4 0.070000000000000
9 0.061111111111111
25 0.068400000000000
49 0.069591836734694
121 0.065537190082645
169 0.065502958579882
289 0.067404844290657
361 0.065734072022161
529 0.064839319470699
625 0.065744000000000
841 0.066123662306778
961 0.064245577523413
1369 0.065098612125639
1681 0.064818560380726
1849 0.065246078961601
2209 0.065509280217293
2500 0.064872000000000
2809 0.065332858668565
3481 0.065374892272336
3721 0.065850577801666
4489 0.065555803074181
5041 0.065467169212458
5329 0.065663351473072
5625 0.065792000000000
6241 0.065556801794584
10000 0.065240000000000
15625 0.065555200000000
17161 0.065544548685974
22500 0.065722222222222
30625 0.065472979591837
32761 0.065590183449834
40000 0.065521500000000
50625 0.065340444444444
57121 0.065426375588663
62500 0.065512000000000
75625 0.065386710743802
85849 0.065504665167911
90000 0.065394000000000
105625 0.065525207100592
122500 0.065488489795918
128881 0.065484128769951
140625 0.065382257777778
160000 0.065456312500000
177241 0.065447103096913
180625 0.065368747404844
202500 0.065459703703704
225625 0.065423556786704
229441 0.065470905374366
250000 0.065472880000000
275625 0.065442866213152
302500 0.065455801652893
310249 0.065416326885824
330625 0.065427871455577
360000 0.065451555555556
375769 0.065485098557891
390625 0.065482214400000
422500 0.065469538461538
452929 0.065498654314473
455625 0.065450710562414
490000 0.065423938775510
525625 0.065462906064209
552049 0.065455149814600
562500 0.065495235555556
600625 0.065498638917794
640000 0.065416593750000
674041 0.065440114177031
680625 0.065486574839302
722500 0.065443432525952
765625 0.065440195918367
776161 0.065430535674944
810000 0.065442493827160
855625 0.065426290723156
902500 0.065453495844875
908209 0.065446851991117
950625 0.065456115713346
1000000 0.065454480000000
1042441 0.065453171930114
1050625 0.065417946460440
1102500 0.065453306122449
1155625 0.065428551649540
1190281 0.065455703317116
1210000 0.065429710743802
1265625 0.065430384197531
1322500 0.065441875236295
1352569 0.065419745683954
1380625 0.065470276143051
1440000 0.065482305555556
