4 0.011068750000000
9 0.008902469135802
25 0.001976960000000
49 0.001211953352770
121 0.000570855815860
169 0.000371622142082
289 0.000232367907472
361 0.000185216503864
529 0.000104514706566
841 0.000061799482808
961 0.000050530415659
1369 0.000045222155407
1681 0.000031538973041
1849 0.000032168558509
2209 0.000023113703539
2809 0.000022610484709
3481 0.000012400810705
3721 0.000016084389529
4489 0.000011164019113
5041 0.000014344973872
5329 0.000013657448009
6241 0.000010463095057
10201 0.000006290710911
12769 0.000004093595235
19321 0.000003281410351
26569 0.000002295047610
32761 0.000001738915915
39601 0.000001314204809
52441 0.000001274060579
63001 0.000001003222649
73441 0.000000760475609
85849 0.000000578802672
100489 0.000000536881818
121801 0.000000532995527
139129 0.000000463070920
157609 0.000000407993594
177241 0.000000325126534
196249 0.000000367914382
214369 0.000000190540441
241081 0.000000256099874
271441 0.000000148555333
310249 0.000000222772135
332929 0.000000194426341
361201 0.000000155503643
383161 0.000000167843602
418609 0.000000119114842
452929 0.000000156167402
491401 0.000000112078121
537289 0.000000097506657
573049 0.000000090182474
619369 0.000000082779673
674041 0.000000079547964
703921 0.000000092354270
744769 0.000000071303441
786769 0.000000087016383
863041 0.000000085655064
908209 0.000000063611931
966289 0.000000068502003
1026169 0.000000040490309
1067089 0.000000043942732
1125721 0.000000051254166
1190281 0.000000046068446
1229881 0.000000050504224
1324801 0.000000050191626
1394761 0.000000039385487
1471369 0.000000037646428
