4 0.000000000000000
9 0.000000000000000
25 0.000000000000000
49 0.000000000000000
121 0.000000000000000
169 0.000000000000000
289 0.000000000000000
361 0.000000000000000
529 0.000000000000000
841 0.000000000000000
961 0.000000000000000
1369 0.000000000000000
1681 0.000000000000000
1849 0.000000000000000
2209 0.000000000000000
2809 0.000000000000000
3481 0.000000000000000
3721 0.000000000000000
4489 0.000000000000000
5041 0.000000000000000
5329 0.000000000000000
6241 0.000000000000000
10201 0.000000000000000
12769 0.000000000000000
19321 0.000000000000000
26569 0.000000000000000
32761 0.000000000000000
39601 0.000000000000000
52441 0.000000000000000
63001 0.000000000000000
73441 0.000000000000000
85849 0.000000000000000
100489 0.000000000000000
121801 0.000000000000000
139129 0.000000000000000
157609 0.000000000000000
177241 0.000000000000000
196249 0.000000000000000
214369 0.000000000000000
241081 0.000000000000000
271441 0.000000000000000
310249 0.000000000000000
332929 0.000000000000000
361201 0.000000000000000
383161 0.000000000000000
418609 0.000000000000000
452929 0.000000000000000
491401 0.000000000000000
537289 0.000000000000000
573049 0.000000000000000
619369 0.000000000000000
674041 0.000000000000000
703921 0.000000000000000
744769 0.000000000000000
786769 0.000000000000000
863041 0.000000000000000
908209 0.000000000000000
966289 0.000000000000000
1026169 0.000000000000000
1067089 0.000000000000000
1125721 0.000000000000000
1190281 0.000000000000000
1229881 0.000000000000000
1324801 0.000000000000000
1394761 0.000000000000000
1471369 0.000000000000000
4 0.057500000000000
9 0.074444444444444
25 0.064800000000000
49 0.061428571428571
121 0.062892561983471
169 0.066213017751479
289 0.065121107266436
361 0.064598337950138
529 0.066068052930057
841 0.065969084423306
961 0.063777315296566
1369 0.065069393718042
1681 0.065008923259964
1849 0.065922120064900
2209 0.065210502489814
2809 0.064727661089356
3481 0.065518529158288
3721 0.066355818328406
4489 0.065526843394966
5041 0.065362031342988
5329 0.064824544942766
6241 0.065207498798270
10201 0.065404372120380
12769 0.065511003210901
19321 0.065255939133585
26569 0.065364522563890
32761 0.065337749152956
39601 0.065408701800460
52441 0.065451269045213
63001 0.065478801923779
73441 0.065597690663254
85849 0.065388880476185
100489 0.065560210570311
121801 0.065520315925157
139129 0.065458531291104
157609 0.065495371457214
177241 0.065395647733877
196249 0.065406040285556
214369 0.065510684847156
241081 0.065487242876875
271441 0.065495006281291
310249 0.065445013521397
332929 0.065479396507964
361201 0.065488246156572
383161 0.065405116909080
418609 0.065476136442360
452929 0.065474323790263
491401 0.065510876046243
537289 0.065477815477331
573049 0.065484435013411
619369 0.065396346927276
674041 0.065444757811468
703921 0.065442585176462
744769 0.065425440639984
786769 0.065423345352956
863041 0.065476240410363
908209 0.065433264810192
966289 0.065442088236542
1026169 0.065438519386183
1067089 0.065417617462086
1125721 0.065429018380220
1190281 0.065434128579722
1229881 0.065459772124295
1324801 0.065442704225012
1394761 0.065424764529550
1471369 0.065414175505940
