0 -nan
4 0.013368750000000
9 0.004369135802469
25 0.001330560000000
49 0.000536901291129
121 0.000260986271430
169 0.000235692027590
289 0.000172616467715
361 0.000179534380491
529 0.000153735871441
625 0.000075785216000
841 0.000012917638110
961 0.000005361653931
1369 0.000013542059620
1681 0.000011574758092
1849 0.000004577364988
2209 0.000003160268059
2500 0.000006814000000
2809 0.000003142153184
3481 0.000003395747638
3721 0.000002589737958
4489 0.000002281416503
5041 0.000000906272198
5329 0.000001008865303
5625 0.000002043651160
6241 0.000000626368402
10000 0.000000394304000
15625 0.000000181995110
17161 0.000000195919917
22500 0.000000157142914
30625 0.000000091811452
32761 0.000000090661167
40000 0.000000073258188
50625 0.000000071062377
57121 0.000000052761292
62500 0.000000043623834
75625 0.000000030695101
85849 0.000000029527761
90000 0.000000030966123
105625 0.000000032435167
122500 0.000000027255703
128881 0.000000028429634
140625 0.000000023704715
160000 0.000000021886547
177241 0.000000018092942
180625 0.000000019717968
202500 0.000000016391343
225625 0.000000015338028
229441 0.000000012805695
250000 0.000000013074182
275625 0.000000013626328
302500 0.000000013146363
310249 0.000000013142068
330625 0.000000014360227
360000 0.000000013214644
375769 0.000000013424282
390625 0.000000011865885
422500 0.000000014851998
452929 0.000000011935855
455625 0.000000013580983
490000 0.000000010991212
525625 0.000000011391991
552049 0.000000008886293
562500 0.000000009526809
600625 0.000000007061852
640000 0.000000005958341
674041 0.000000004007516
680625 0.000000003705991
722500 0.000000003164211
765625 0.000000002110358
776161 0.000000001966956
810000 0.000000001366312
855625 0.000000001154892
902500 0.000000001073536
908209 0.000000000901648
950625 0.000000000614800
1000000 0.000000000554910
1042441 0.000000000263269
1050625 0.000000000376913
1102500 0.000000000520762
1155625 0.000000000514572
1190281 0.000000000557136
1210000 0.000000000679810
1265625 0.000000000565004
1322500 0.000000000892673
1352569 0.000000000978922
1380625 0.000000000960502
1440000 0.000000001319531
