0 -nan
4 0.077500000000000
9 0.076666666666667
25 0.071200000000000
49 0.070816326530612
121 0.064710743801653
169 0.066390532544379
289 0.064948096885813
361 0.064349030470914
529 0.063742911153119
625 0.064672000000000
841 0.065469678953627
961 0.065327783558793
1369 0.065595325054785
1681 0.066240333135039
1849 0.065694970254191
2209 0.065491172476234
2500 0.064700000000000
2809 0.065279458882164
3481 0.065512783682850
3721 0.065769954313357
4489 0.065464468701270
5041 0.065461218012299
5329 0.065471945956089
5625 0.065287111111111
6241 0.065337285691396
10000 0.065364000000000
15625 0.065488640000000
17161 0.065378474447876
22500 0.065425777777778
30625 0.065501061224490
32761 0.065445804462623
40000 0.065459250000000
50625 0.065453234567901
57121 0.065438280142154
62500 0.065441920000000
75625 0.065474115702479
85849 0.065500704725739
90000 0.065468000000000
105625 0.065479289940828
122500 0.065471102040816
128881 0.065447428247763
140625 0.065462755555556
160000 0.065466375000000
177241 0.065442194526097
180625 0.065453619377163
202500 0.065445185185185
225625 0.065443324099723
229441 0.065438435153264
250000 0.065440240000000
275625 0.065451755102041
302500 0.065448462809917
310249 0.065464320594103
330625 0.065457512287335
360000 0.065461416666667
375769 0.065446058615799
390625 0.065473638400000
422500 0.065453633136095
452929 0.065483265589088
455625 0.065443599451303
490000 0.065478571428571
525625 0.065459957193817
552049 0.065451635633793
562500 0.065454062222222
600625 0.065438851196670
640000 0.065450093750000
674041 0.065449134399836
680625 0.065436503213958
722500 0.065454823529412
765625 0.065451585306122
776161 0.065445274884979
810000 0.065453987654321
855625 0.065453896274653
902500 0.065449617728532
908209 0.065451938925952
950625 0.065449520052597
1000000 0.065450510000000
1042441 0.065449728090127
1050625 0.065448928019036
1102500 0.065452126984127
1155625 0.065449570578691
1190281 0.065447461565798
1210000 0.065452884297521
1265625 0.065446044444445
1322500 0.065447644612476
1352569 0.065451677511461
1380625 0.065451473064735
1440000 0.065451527777778
