0 -nan
4 0.010368750000000
9 0.007006172839506
25 0.001232640000000
49 0.000431945022907
121 0.000111768321836
169 0.000128622947376
289 0.000076909998683
361 0.000049609042288
529 0.000040207117613
625 0.000041113600000
841 0.000033519350866
961 0.000033750288299
1369 0.000009995726088
1681 0.000004827018279
1849 0.000001979495150
2209 0.000001478457301
2500 0.000002976000000
2809 0.000003470308084
3481 0.000001949029991
3721 0.000001034325037
4489 0.000000896084143
5041 0.000001686925001
5329 0.000001345238249
5625 0.000000853156346
6241 0.000000753980460
10000 0.000000391344000
15625 0.000000342877798
17161 0.000000270947102
22500 0.000000111656099
30625 0.000000039396811
32761 0.000000032265391
40000 0.000000065248187
50625 0.000000059292854
57121 0.000000031043040
62500 0.000000031567360
75625 0.000000024934148
85849 0.000000019523285
90000 0.000000015824247
105625 0.000000014495367
122500 0.000000012111194
128881 0.000000013306980
140625 0.000000011878860
160000 0.000000008129688
177241 0.000000008504423
180625 0.000000008886756
202500 0.000000005314565
225625 0.000000004878428
229441 0.000000004642577
250000 0.000000006391360
275625 0.000000006368495
302500 0.000000004019261
310249 0.000000005041326
330625 0.000000003971992
360000 0.000000004384934
375769 0.000000003857726
390625 0.000000003735686
422500 0.000000002670481
452929 0.000000003796081
455625 0.000000003026675
490000 0.000000003196533
525625 0.000000003135850
552049 0.000000002447777
562500 0.000000003125202
600625 0.000000002510129
640000 0.000000002539267
674041 0.000000002443960
680625 0.000000002178274
722500 0.000000001611776
765625 0.000000002662298
776161 0.000000002817331
810000 0.000000002117869
855625 0.000000002315426
902500 0.000000002760086
908209 0.000000002578193
950625 0.000000001769828
1000000 0.000000002176641
1042441 0.000000002032787
1050625 0.000000001789769
1102500 0.000000002000387
1155625 0.000000001937759
1190281 0.000000001419808
1210000 0.000000001382370
1265625 0.000000001070188
1322500 0.000000001174763
1352569 0.000000000928706
1380625 0.000000000880199
1440000 0.000000000739460
