0 -nan
4 0.052500000000000
9 0.072222222222222
25 0.065600000000000
49 0.065918367346939
121 0.065619834710744
169 0.064615384615385
289 0.064290657439446
361 0.064903047091413
529 0.066578449905482
625 0.065600000000000
841 0.065612366230678
961 0.065067637877211
1369 0.065799853907962
1681 0.065199286139203
1849 0.065684153596539
2209 0.065115436849253
2500 0.065440000000000
2809 0.065062299750801
3481 0.065719620798621
3721 0.065485084654663
4489 0.065544664736021
5041 0.065498908946638
5329 0.065348095327454
5625 0.065393777777778
6241 0.065563211023874
10000 0.065484000000000
15625 0.065320960000000
17161 0.065515412854729
22500 0.065431555555556
30625 0.065452734693878
32761 0.065458624584109
40000 0.065431750000000
50625 0.065455209876543
57121 0.065454911503650
62500 0.065454400000000
75625 0.065440132231405
85849 0.065438386003331
90000 0.065434000000000
105625 0.065448331360947
122500 0.065457795918367
128881 0.065454721797627
140625 0.065475342222222
160000 0.065456250000000
177241 0.065457935804921
180625 0.065463307958478
202500 0.065430320987654
225625 0.065456664819945
229441 0.065449505537371
250000 0.065460000000000
275625 0.065445696145125
302500 0.065450743801653
310249 0.065454844334712
330625 0.065454790170132
360000 0.065449027777778
375769 0.065442865164503
390625 0.065454438400000
422500 0.065450130177515
452929 0.065456815527379
455625 0.065452510288066
490000 0.065453979591837
525625 0.065454249702735
552049 0.065453972382886
562500 0.065454080000000
600625 0.065447325702393
640000 0.065443093750000
674041 0.065453510988204
680625 0.065455368227732
722500 0.065441896193772
765625 0.065451572244898
776161 0.065452747561395
810000 0.065451000000000
855625 0.065449817384952
902500 0.065441939058172
908209 0.065452214192989
950625 0.065442482577252
1000000 0.065444330000000
1042441 0.065446025242676
1050625 0.065442960142772
1102500 0.065451936507936
1155625 0.065451932936723
1190281 0.065449083031654
1210000 0.065455495867769
1265625 0.065450516543210
1322500 0.065449943289225
1352569 0.065446709188219
1380625 0.065445338162064
1440000 0.065451847222222
