4 0.006578725499428
9 0.002218913692561
25 0.000572074778497
49 0.000225587803632
121 0.000085592336227
169 0.000032370689127
289 0.000021396849287
361 0.000006599699421
529 0.000008790938060
841 0.000003610569422
961 0.000002490595720
1369 0.000002214758685
1681 0.000001013408361
1849 0.000001532269699
2209 0.000000815093243
2809 0.000000959035150
3481 0.000000643471616
3721 0.000000673481791
4489 0.000000467525364
5041 0.000000416091882
5329 0.000000433666298
6241 0.000000275090544
10201 0.000000179275085
12769 0.000000100255979
19321 0.000000090895402
26569 0.000000056709155
32761 0.000000056489495
39601 0.000000045539541
52441 0.000000029677256
63001 0.000000020062388
73441 0.000000021235434
85849 0.000000015604001
100489 0.000000012447328
121801 0.000000010762231
139129 0.000000009003150
157609 0.000000011514919
177241 0.000000009191327
196249 0.000000006639808
214369 0.000000007787884
241081 0.000000005687852
271441 0.000000004538172
310249 0.000000004446132
332929 0.000000004447840
361201 0.000000004150940
383161 0.000000004370756
418609 0.000000003472907
452929 0.000000003444323
491401 0.000000001892364
537289 0.000000002216591
573049 0.000000003132324
619369 0.000000002547032
674041 0.000000002791239
703921 0.000000001504662
744769 0.000000001574001
786769 0.000000001787949
863041 0.000000001291848
908209 0.000000001675226
966289 0.000000001643542
1026169 0.000000001295902
1067089 0.000000001044525
1125721 0.000000001125667
1190281 0.000000001150425
1229881 0.000000001230944
1324801 0.000000000858352
1394761 0.000000000895074
1471369 0.000000001014783
