8 0.298647443299342
27 0.287597521041606
125 0.286291343245616
343 0.286455311297043
1331 0.286687133224721
2197 0.286346093028833
4913 0.286420854691332
6859 0.286418636260895
12167 0.286355243907294
24389 0.286379266259981
29791 0.286380570870866
50653 0.286397345888959
68921 0.286385376148441
79507 0.286402603826998
103823 0.286387747445353
148877 0.286387091491361
205379 0.286397712618759
226981 0.286399631927910
300763 0.286402947107899
357911 0.286392291492959
389017 0.286391216651093
493039 0.286390511608317
704969 0.286396790156524
1030301 0.286394991278144
1225043 0.286396185162370
1442897 0.286392505241245
