8 0.004589800355101
27 0.000537068479137
125 0.000156407146454
343 0.000018848699585
1331 0.000003833434352
2197 0.000001487669742
4913 0.000000607548320
6859 0.000000133446712
12167 0.000000237674332
24389 0.000000083963316
29791 0.000000039569167
50653 0.000000032447261
68921 0.000000005732766
79507 0.000000019323414
103823 0.000000002488083
148877 0.000000004232906
205379 0.000000003927848
226981 0.000000005584211
300763 0.000000003187816
357911 0.000000002401526
389017 0.000000001867304
493039 0.000000000830158
704969 0.000000000865592
1030301 0.000000000401605
1225043 0.000000000154284
1442897 0.000000000058044
