4 0.280221908391052
9 0.290710050503467
25 0.284209932731961
49 0.287957851546124
121 0.285514930667658
169 0.285983071829147
289 0.285513817140041
361 0.286156671733446
529 0.286613394474712
841 0.286218084359963
961 0.285982936475071
1369 0.286477994541840
1681 0.286578839321490
1849 0.286343164640207
2209 0.286408808860771
2809 0.286368889922052
3481 0.286392107877419
3721 0.286489473146651
4489 0.286495303037578
5041 0.286262249621608
5329 0.286457369631627
6241 0.286489367881238
10201 0.286350244004093
12769 0.286400725751317
19321 0.286367262912849
26569 0.286378717712275
32761 0.286374297636379
39601 0.286373425955881
52441 0.286388579799641
63001 0.286393080362026
73441 0.286419477225006
85849 0.286404426160698
100489 0.286382869193805
121801 0.286400527525811
139129 0.286397168869113
157609 0.286391730174289
177241 0.286404411412503
196249 0.286400990178909
214369 0.286387830773012
241081 0.286408755550995
271441 0.286394826542682
310249 0.286404072397215
332929 0.286395937191706
361201 0.286395635266405
383161 0.286386701080445
418609 0.286395081640617
452929 0.286392123419353
491401 0.286396534034138
537289 0.286400561556285
573049 0.286398461730297
619369 0.286395136864128
674041 0.286387736072036
703921 0.286390550918868
744769 0.286396329491038
786769 0.286391108098660
863041 0.286387150226738
908209 0.286397215776672
966289 0.286394214874247
1026169 0.286391790813845
1067089 0.286391689408861
1125721 0.286391989987347
1190281 0.286393010135021
1229881 0.286389426968009
1324801 0.286390756309018
1394761 0.286390163007572
1471369 0.286388206380465
