8 0.319187098966804
27 0.256276747803091
125 0.279954225333097
343 0.276926891906591
1331 0.283863126538763
2197 0.286722362916322
4913 0.286863545169940
6859 0.285949092194339
12167 0.285596740693602
24389 0.286391780937015
29791 0.286272397839512
50653 0.286489705715831
68921 0.286310910810470
79507 0.286255673059974
103823 0.286343859577553
148877 0.286343416957233
205379 0.286241462158132
226981 0.286517917403329
300763 0.286397108611568
357911 0.286370388138449
389017 0.286403607261586
493039 0.286424979585146
704969 0.286403426998812
1030301 0.286449266035356
1225043 0.286412753576833
1442897 0.286362446155804
8 0.318758763471990
27 0.256562492963518
125 0.279919832048388
343 0.276908409720426
1331 0.283868444970530
2197 0.286734194891471
4913 0.286850901844921
6859 0.285903950772429
12167 0.285596744663688
24389 0.286392498213780
29791 0.286272413905557
50653 0.286488558576357
68921 0.286313813481363
79507 0.286255740751692
103823 0.286343845420899
148877 0.286343214499173
205379 0.286240939317443
226981 0.286517827908341
300763 0.286396986285494
357911 0.286371054839071
389017 0.286403540397943
493039 0.286424917201935
704969 0.286403458382573
1030301 0.286449264632931
1225043 0.286412735422353
1442897 0.286362486620642
8 0.318758763471990
27 0.256562492963518
125 0.279919832048388
343 0.276908409720426
1331 0.283868444970530
2197 0.286734194891471
4913 0.286850901844921
6859 0.285903950772429
12167 0.285596744663688
24389 0.286392498213780
29791 0.286272413905557
50653 0.286488558576357
68921 0.286313813481363
8 0.318758763471990
27 0.256562492963518
125 0.279919832048388
343 0.276908409720426
1331 0.283868444970530
2197 0.286734194891471
4913 0.286850901844921
6859 0.285903950772429
12167 0.285596744663688
24389 0.286392498213780
29791 0.286272413905557
50653 0.286488558576357
68921 0.286313813481363
79507 0.286255740751692
103823 0.286343845420899
148877 0.286343214499173
205379 0.286240939317443
226981 0.286517827908341
300763 0.286396986285494
357911 0.286371054839071
389017 0.286403540397943
493039 0.286424917201935
704969 0.286403458382573
1030301 0.286449264632931
1225043 0.286412735422353
1442897 0.286362486620642
8 0.318758763471990
27 0.256562492963518
125 0.279919832048388
343 0.276908409720426
1331 0.283868444970530
2197 0.286734194891471
4913 0.286850901844921
6859 0.285903950772429
12167 0.285596744663688
24389 0.286392498213780
29791 0.286272413905557
50653 0.286488558576357
8 0.318758763471990
27 0.256562492963518
125 0.279919832048388
343 0.276908409720426
1331 0.283868444970530
2197 0.286734194891471
4913 0.286850901844921
6859 0.285903950772429
12167 0.285596744663688
24389 0.286392498213780
8 0.274019023871287
27 0.289487839331128
125 0.286194581173895
343 0.286218573756686
1331 0.286348736580764
2197 0.286288108723525
4913 0.286473677257018
6859 0.286339599738938
12167 0.286444061901748
24389 0.286384289981286
29791 0.286398953722993
50653 0.286410450532564
68921 0.286395702819515
79507 0.286401833516191
103823 0.286410398975654
148877 0.286400934694617
205379 0.286396911906097
226981 0.286392254449312
300763 0.286393728762369
357911 0.286396584341360
389017 0.286394959077322
493039 0.286395280148560
704969 0.286391410052965
1030301 0.286392276327719
1225043 0.286393338844598
1442897 0.286393228260691
