8 0.004109912866908
27 0.000464985500437
125 0.000077815780712
343 0.000012865213618
1331 0.000002069473064
2197 0.000000994444900
4913 0.000000280958231
6859 0.000000195040271
12167 0.000000086767859
24389 0.000000044591556
29791 0.000000030623099
50653 0.000000008698125
68921 0.000000009256698
79507 0.000000008736043
103823 0.000000005263171
148877 0.000000004516646
205379 0.000000002437191
226981 0.000000002188690
300763 0.000000001125336
357911 0.000000000636349
389017 0.000000000778546
493039 0.000000000463803
704969 0.000000000353234
1030301 0.000000000195783
1225043 0.000000000200964
1442897 0.000000000162196
