4 0.292984482778935
9 0.293921885963746
25 0.289803913869213
49 0.284753946354001
121 0.285181246139290
169 0.285880051796592
289 0.285709403521022
361 0.286325481051145
529 0.287509206077223
841 0.286202276574481
961 0.285833329842267
1369 0.286460272524682
1681 0.286364185983939
1849 0.286302675524114
2209 0.286272602657399
2809 0.286054627359741
3481 0.286336129982695
3721 0.286509271347033
4489 0.286266603768574
5041 0.286140718323556
5329 0.286199559769723
6241 0.286277379567385
10201 0.286338304457427
12769 0.286402283640297
19321 0.286556468924081
26569 0.286227455288551
32761 0.286311795852750
39601 0.286373552346832
52441 0.286333967699490
63001 0.286457351120927
73441 0.286278815768967
85849 0.286447090856976
100489 0.286409469252882
121801 0.286337569307378
139129 0.286417125486576
157609 0.286474001972914
177241 0.286406138897379
196249 0.286357212394529
214369 0.286409571987967
241081 0.286390855552554
271441 0.286424900024758
310249 0.286412954499845
332929 0.286423533636832
361201 0.286408694835608
383161 0.286387968372911
418609 0.286410222544558
452929 0.286428782202902
491401 0.286394106705818
537289 0.286401995142242
573049 0.286374985939647
619369 0.286403176152975
674041 0.286386598492139
703921 0.286400773423079
744769 0.286378432486162
786769 0.286370953729022
863041 0.286381756466350
908209 0.286403390222224
966289 0.286402719641607
1026169 0.286404738081846
1067089 0.286398202233205
1125721 0.286387495093371
1190281 0.286387004629074
1229881 0.286407168682775
1324801 0.286380604508922
1394761 0.286399198998177
1471369 0.286399129101012
