4 0.007701180993662
9 0.002797046347498
25 0.000683420085657
49 0.000405491464185
121 0.000136413930514
169 0.000082660934641
289 0.000056252512563
361 0.000040015843189
529 0.000040409498890
841 0.000019138435738
961 0.000021250186541
1369 0.000010609242937
1681 0.000010281644134
1849 0.000009598657339
2209 0.000009504680310
2809 0.000006550837027
3481 0.000005236115480
3721 0.000006244965591
4489 0.000003286912794
5041 0.000003444103696
5329 0.000003978813843
6241 0.000002946698247
10201 0.000001547935047
12769 0.000001697784272
19321 0.000000886686803
26569 0.000000647564238
32761 0.000000563451738
39601 0.000000521562935
52441 0.000000298405511
63001 0.000000294816887
73441 0.000000186843766
85849 0.000000143391714
100489 0.000000198337656
121801 0.000000173349790
139129 0.000000106721033
157609 0.000000105019600
177241 0.000000096638692
196249 0.000000080297749
214369 0.000000096495225
241081 0.000000077061801
271441 0.000000072205875
310249 0.000000051759902
332929 0.000000047828205
361201 0.000000041683665
383161 0.000000059176348
418609 0.000000033702360
452929 0.000000040565143
491401 0.000000035085625
537289 0.000000032199987
573049 0.000000032608784
619369 0.000000019558570
674041 0.000000028389693
703921 0.000000022885038
744769 0.000000021399862
786769 0.000000016525872
863041 0.000000016804780
908209 0.000000021097592
966289 0.000000016459526
1026169 0.000000014150830
1067089 0.000000018139750
1125721 0.000000014853744
1190281 0.000000014275662
1229881 0.000000013838734
1324801 0.000000012568279
1394761 0.000000012000953
1471369 0.000000011641077
