0 -nan
4 0.008284876701969
9 0.002900441105689
25 0.000774033631672
49 0.000246063772223
121 0.000135612980375
169 0.000089502053927
289 0.000038960816313
361 0.000035218427793
529 0.000019112036438
625 0.000019683985029
841 0.000018115054529
961 0.000013593597302
1369 0.000009492192627
1681 0.000007046958249
1849 0.000007627209964
2209 0.000005654885505
2500 0.000004210825540
2809 0.000003648728236
3481 0.000003204428159
3721 0.000002724545462
4489 0.000002632791400
5041 0.000001980916359
5329 0.000001870630239
5625 0.000002332492888
6241 0.000001863629031
10000 0.000001145195726
15625 0.000000696611792
17161 0.000000812348216
22500 0.000000529545941
30625 0.000000417852311
32761 0.000000339518529
40000 0.000000338720823
50625 0.000000270594934
57121 0.000000197491208
62500 0.000000199439688
75625 0.000000158378880
85849 0.000000139645749
90000 0.000000105848025
105625 0.000000145419098
122500 0.000000080801392
128881 0.000000094583778
140625 0.000000102555672
160000 0.000000058240712
177241 0.000000075463673
180625 0.000000059137925
202500 0.000000047617528
225625 0.000000057328168
229441 0.000000047906405
250000 0.000000050591774
275625 0.000000041896605
302500 0.000000043773266
310249 0.000000048939397
330625 0.000000034392078
360000 0.000000035799435
375769 0.000000029529174
390625 0.000000028041898
422500 0.000000026431496
452929 0.000000022613416
455625 0.000000024174658
490000 0.000000024994656
525625 0.000000022181960
552049 0.000000021118689
562500 0.000000019904064
600625 0.000000019040271
640000 0.000000024461773
674041 0.000000016828459
680625 0.000000023576722
722500 0.000000016510929
765625 0.000000017211835
776161 0.000000014767860
810000 0.000000012735497
855625 0.000000016177025
902500 0.000000013349423
908209 0.000000011281848
950625 0.000000012576680
1000000 0.000000013230699
1042441 0.000000011036445
1050625 0.000000010994131
1102500 0.000000010253007
1155625 0.000000014845899
1190281 0.000000008282558
1210000 0.000000008491190
1265625 0.000000009502656
1322500 0.000000010953250
1352569 0.000000009453786
1380625 0.000000009165382
1440000 0.000000007311295
