0 -nan
4 0.296057430174582
9 0.280730891213493
25 0.281721282771764
49 0.285469012967997
121 0.286810452597773
169 0.286432822329549
289 0.286834684856903
361 0.287727906867967
529 0.285548318211846
625 0.286355183579489
841 0.286494228569993
961 0.286474819184169
1369 0.286364400740037
1681 0.286580672747332
1849 0.286533143803289
2209 0.286309089666874
2500 0.286342905730995
2809 0.286591237887779
3481 0.286430989534234
3721 0.286406524266990
4489 0.286537368997755
5041 0.286679122762924
5329 0.286407998595602
5625 0.286680126914836
6241 0.286241643672043
10000 0.286374168450525
15625 0.286404241689583
17161 0.286380164627389
22500 0.286464148938997
30625 0.286332139345623
32761 0.286366155149123
40000 0.286457762138227
50625 0.286415331404456
57121 0.286282541996981
62500 0.286488033641163
75625 0.286361914243775
85849 0.286403785420454
90000 0.286425415685507
105625 0.286401590079711
122500 0.286438479950715
128881 0.286432708011172
140625 0.286401436234687
160000 0.286392690040307
177241 0.286383065561594
180625 0.286385271636686
202500 0.286394620581525
225625 0.286408115014914
229441 0.286367020326181
250000 0.286382347583955
275625 0.286396847537857
302500 0.286389003978971
310249 0.286404057245820
330625 0.286398265134308
360000 0.286374741868782
375769 0.286406709584092
390625 0.286393192095854
422500 0.286396954859451
452929 0.286401175745493
455625 0.286395196231240
490000 0.286376764038589
525625 0.286384488299064
552049 0.286403805070321
562500 0.286389748130277
600625 0.286423550492894
640000 0.286393546672137
674041 0.286373664651385
680625 0.286401585481394
722500 0.286405782023865
765625 0.286409194325067
776161 0.286386615248385
810000 0.286377387315439
855625 0.286401734919676
902500 0.286388909389976
908209 0.286394125731675
950625 0.286385512873550
1000000 0.286396398842585
1042441 0.286396839018723
1050625 0.286381801018983
1102500 0.286401049985755
1155625 0.286390160392291
1190281 0.286397587219790
1210000 0.286386279701349
1265625 0.286383304245396
1322500 0.286396973428650
1352569 0.286373666629168
1380625 0.286403777056769
1440000 0.286393555024094
