4 0.022896548114184
9 0.010101670375115
25 0.003454264129961
49 0.001611962839455
121 0.000562128940554
169 0.000493642014921
289 0.000225306896521
361 0.000201523370866
529 0.000161060541859
841 0.000100154844949
961 0.000080357829570
1369 0.000058440683450
1681 0.000038958584688
1849 0.000037808489199
2209 0.000039833976041
2809 0.000041867193721
3481 0.000020094823566
3721 0.000022023005146
4489 0.000016134090581
5041 0.000013330999527
5329 0.000016063092682
6241 0.000013731358373
10201 0.000009765174699
12769 0.000006295575182
19321 0.000004230453997
26569 0.000002645622772
32761 0.000002463327639
39601 0.000001754248253
52441 0.000001463563431
63001 0.000001007984047
73441 0.000001178697025
85849 0.000000947440230
100489 0.000000814615245
121801 0.000000786078320
139129 0.000000708135156
157609 0.000000515820865
177241 0.000000467675260
196249 0.000000354312129
214369 0.000000500916048
241081 0.000000331323282
271441 0.000000304596929
310249 0.000000294620511
332929 0.000000208368215
361201 0.000000216261137
383161 0.000000219025005
418609 0.000000190605295
452929 0.000000182493780
491401 0.000000194214699
537289 0.000000148259735
573049 0.000000125424491
619369 0.000000103813497
674041 0.000000115133856
703921 0.000000091171553
744769 0.000000124948476
786769 0.000000114548767
863041 0.000000088369641
908209 0.000000067460588
966289 0.000000073301290
1026169 0.000000067232189
1067089 0.000000067457801
1125721 0.000000065492311
1190281 0.000000067537109
1229881 0.000000066132214
1324801 0.000000053024861
1394761 0.000000074213859
1471369 0.000000058211760
