4 0.434935574838411
9 0.429655225425792
25 0.438242563525723
49 0.436346555462736
121 0.436822651686047
169 0.435448212274384
289 0.435756521229618
361 69359997074169274465811404161024.000000000000000
529 36949006766601204874402094754299904.000000000000000
841 133945658070563530554055420874326016.000000000000000
961 116921176860060145872011047238369280.000000000000000
1369 nan
1681 nan
1849 nan
2209 nan
2809 nan
3481 nan
3721 nan
4489 nan
5041 nan
5329 nan
6241 nan
10201 nan
12769 -nan
19321 nan
26569 -nan
32761 nan
39601 nan
52441 -nan
63001 nan
73441 -nan
85849 nan
100489 -nan
121801 -nan
139129 -nan
157609 nan
177241 nan
196249 -nan
214369 -nan
241081 -nan
271441 -nan
310249 nan
332929 nan
361201 nan
383161 nan
418609 nan
452929 nan
491401 -nan
537289 -nan
573049 -nan
619369 -nan
674041 -nan
703921 -nan
744769 nan
786769 nan
863041 nan
908209 nan
966289 nan
1026169 nan
1067089 nan
1125721 -nan
1190281 -nan
1229881 -nan
1324801 -nan
1394761 nan
1471369 nan
4 0.305117542677729
9 0.300418279231215
25 0.288005248519317
49 0.286365757308885
121 0.285245497743034
169 0.287083801206342
289 0.285804089500052
361 0.287047458803334
529 0.285338486938532
841 0.287304103624804
961 0.285908556580020
1369 0.285302388708538
1681 0.286163411613335
1849 0.286953339616299
2209 0.286890412609972
2809 0.286221917377393
3481 0.286048078030798
3721 0.285036304372005
4489 0.285768018215867
5041 0.285974144967802
5329 0.286410746324006
6241 0.286154655480098
10201 0.286638053898871
12769 0.286354092605244
19321 0.286034492737475
26569 0.286556749371245
32761 0.286293080146766
39601 0.286280492826062
52441 0.286442234348316
63001 0.286461335352613
73441 0.286305167250575
85849 0.286412729330947
100489 0.286310420074777
121801 0.286224551262576
139129 0.286393862193772
157609 0.286432244153964
177241 0.286553227769655
196249 0.286327844492896
214369 0.286472636828390
241081 0.286426802293231
271441 0.286375325397379
310249 0.286420925115913
332929 0.286413056339721
361201 0.286315812047179
383161 0.286333809729478
418609 0.286399458008564
452929 0.286396867560247
491401 0.286402268028876
537289 0.286334929186242
573049 0.286362425577101
619369 0.286450393120978
674041 0.286365944632352
703921 0.286366779339641
744769 0.286329556773421
786769 0.286405885165516
863041 0.286360831915691
908209 0.286387825707592
966289 0.286433173005942
1026169 0.286342234988477
1067089 0.286371756638404
1125721 0.286410950362609
1190281 0.286416099281750
1229881 0.286383542056600
1324801 0.286383084996318
1394761 0.286377755976297
1471369 0.286428396713048
