0 -nan
4 0.006869325544352
9 0.004390396813718
25 0.000832754279207
49 0.000261188475119
121 0.000048176445237
169 0.000039369114908
289 0.000013849124730
361 0.000010736460053
529 0.000003201605361
625 0.000003446397833
841 0.000002138626333
961 0.000002109885175
1369 0.000001066269359
1681 0.000000716446582
1849 0.000000912342293
2209 0.000000435627887
2500 0.000000282059176
2809 0.000000290844732
3481 0.000000229752776
3721 0.000000240586937
4489 0.000000083553847
5041 0.000000122543825
5329 0.000000112718822
5625 0.000000092966377
6241 0.000000069911887
10000 0.000000029401563
15625 0.000000015634106
17161 0.000000016974688
22500 0.000000006770253
30625 0.000000004410331
32761 0.000000002402343
40000 0.000000002277359
50625 0.000000002101059
57121 0.000000001427259
62500 0.000000001106606
75625 0.000000000929239
85849 0.000000000892849
90000 0.000000000696400
105625 0.000000000611843
122500 0.000000000398473
128881 0.000000000228935
140625 0.000000000256946
160000 0.000000000250361
177241 0.000000000256827
180625 0.000000000184103
202500 0.000000000136166
225625 0.000000000117777
229441 0.000000000079451
250000 0.000000000119383
275625 0.000000000070837
302500 0.000000000080235
310249 0.000000000080809
330625 0.000000000051076
360000 0.000000000044577
375769 0.000000000045275
390625 0.000000000044188
422500 0.000000000042510
452929 0.000000000035110
455625 0.000000000036359
490000 0.000000000029645
525625 0.000000000017652
552049 0.000000000020695
562500 0.000000000017987
600625 0.000000000016750
640000 0.000000000021580
674041 0.000000000019257
680625 0.000000000013155
722500 0.000000000011843
765625 0.000000000017113
776161 0.000000000011960
810000 0.000000000011899
855625 0.000000000009223
902500 0.000000000009711
908209 0.000000000008674
950625 0.000000000006945
1000000 0.000000000008250
1042441 0.000000000004144
1050625 0.000000000002632
1102500 0.000000000006867
1155625 0.000000000006094
1190281 0.000000000005368
1210000 0.000000000007004
1265625 0.000000000004802
1322500 0.000000000005549
1352569 0.000000000003964
1380625 0.000000000003624
1440000 0.000000000002638
