0 -nan
4 0.269121714248340
9 0.292348332761309
25 0.288753110610137
49 0.288241787332662
121 0.286512143144354
169 0.287171306333592
289 0.286412009351090
361 0.286496980723957
529 0.286200272611066
625 0.286226431212231
841 0.286277054520195
961 0.286296394147388
1369 0.286438535765120
1681 0.286445833527541
1849 0.286408378434118
2209 0.286298775631081
2500 0.286356375695908
2809 0.286344432565647
3481 0.286484344024904
3721 0.286422434391998
4489 0.286429150763749
5041 0.286363941171981
5329 0.286405412760029
5625 0.286421270881804
6241 0.286388464616501
10000 0.286356386983918
15625 0.286394666815452
17161 0.286389137405030
22500 0.286388634102872
30625 0.286396392657179
32761 0.286389269539040
40000 0.286386006033408
50625 0.286391190603286
57121 0.286393093098351
62500 0.286392898838397
75625 0.286387517501421
85849 0.286390679060341
90000 0.286387197143985
105625 0.286395630038788
122500 0.286395225958256
128881 0.286391875269030
140625 0.286391459105491
160000 0.286391609558192
177241 0.286393278060223
180625 0.286394835536172
202500 0.286393354923916
225625 0.286392315111182
229441 0.286393447490866
250000 0.286393518134179
275625 0.286393537275967
302500 0.286393981079436
310249 0.286392830883907
330625 0.286393224235855
360000 0.286392531943638
375769 0.286392974695938
390625 0.286392842104408
422500 0.286393424121248
452929 0.286393302355896
455625 0.286392517271116
490000 0.286393894470134
525625 0.286393349626379
552049 0.286393082412320
562500 0.286392045756896
600625 0.286393231760892
640000 0.286392574624540
674041 0.286393610967532
680625 0.286392503786006
722500 0.286392372119718
765625 0.286393339991708
776161 0.286393134256010
810000 0.286393143106138
855625 0.286393289807771
902500 0.286393266317795
908209 0.286393150991722
950625 0.286392820982095
1000000 0.286392944896095
1042441 0.286393269349674
1050625 0.286393151346583
1102500 0.286392731709806
1155625 0.286392876289876
1190281 0.286393025253031
1210000 0.286392749322055
1265625 0.286392923974580
1322500 0.286392825741716
1352569 0.286392826004063
1380625 0.286393406333335
1440000 0.286393146641994
