0 -nan
4 0.275657734184517
9 0.293238375153770
25 0.286528979659994
49 0.289348166543613
121 0.284568312588783
169 0.287026565975280
289 0.286531158101437
361 0.286295874298997
529 0.284937684509096
625 0.285346058206091
841 0.286029101960965
961 0.286680909763944
1369 0.286727990047900
1681 0.286979265887241
1849 0.286721980504337
2209 0.286290862201558
2500 0.285914789049290
2809 0.286320037210444
3481 0.286546631669801
3721 0.286385634770911
4489 0.286437492809466
5041 0.286374466006246
5329 0.286401224396961
5625 0.286359158862093
6241 0.286318980456808
10000 0.286380070475870
15625 0.286372694309855
17161 0.286386934888144
22500 0.286400450122057
30625 0.286406755612541
32761 0.286398486822067
40000 0.286356287425486
50625 0.286388116014309
57121 0.286393394637946
62500 0.286391189354143
75625 0.286376024817135
85849 0.286393007933937
90000 0.286391432580026
105625 0.286386820555001
122500 0.286402343853342
128881 0.286399229590881
140625 0.286391795493728
160000 0.286391357617241
177241 0.286389961701474
180625 0.286389053031726
202500 0.286389319254597
225625 0.286398081855348
229441 0.286394668954531
250000 0.286392912658146
275625 0.286394666945186
302500 0.286391958785764
310249 0.286391927493200
330625 0.286390769881725
360000 0.286390694815741
375769 0.286392405079481
390625 0.286393067267173
422500 0.286392955526269
452929 0.286392865398445
455625 0.286393913336428
490000 0.286393648933144
525625 0.286395107574242
552049 0.286392385608656
562500 0.286394608154123
600625 0.286394629666612
640000 0.286391485001926
674041 0.286392295347318
680625 0.286393526358857
722500 0.286393070943013
765625 0.286393537838428
776161 0.286394131182540
810000 0.286392783844623
855625 0.286393795479627
902500 0.286392969280964
908209 0.286393605021067
950625 0.286394164368663
1000000 0.286391155410193
1042441 0.286393478766676
1050625 0.286393126714170
1102500 0.286392546523990
1155625 0.286391993841485
1190281 0.286393014880333
1210000 0.286393662873948
1265625 0.286393526567990
1322500 0.286392945685174
1352569 0.286393086279293
1380625 0.286392117872704
1440000 0.286391698051097
