0 -nan
4 0.008935692413606
9 0.003386714831853
25 0.000762497192961
49 0.000405174452459
121 0.000150507396344
169 0.000156184474378
289 0.000148316924728
361 0.000149859778612
529 0.000133967395626
625 0.000073754808424
841 0.000017767790893
961 0.000013250292145
1369 0.000013127539694
1681 0.000008112909799
1849 0.000003717028179
2209 0.000002638228653
2500 0.000005748102928
2809 0.000002765045007
3481 0.000002803708928
3721 0.000001962308777
4489 0.000001342588763
5041 0.000000881644461
5329 0.000000781348191
5625 0.000001339125559
6241 0.000000298910953
10000 0.000000196280200
15625 0.000000084125601
17161 0.000000075375393
22500 0.000000040351277
30625 0.000000008793359
32761 0.000000003965501
40000 0.000000016143613
50625 0.000000016685110
57121 0.000000009828645
62500 0.000000005877077
75625 0.000000004367251
85849 0.000000002017404
90000 0.000000005064184
105625 0.000000003401480
122500 0.000000002848979
128881 0.000000001107861
140625 0.000000002392342
160000 0.000000000855089
177241 0.000000000819722
180625 0.000000000956723
202500 0.000000000775568
225625 0.000000000658234
229441 0.000000000187395
250000 0.000000000160500
275625 0.000000000382846
302500 0.000000000587190
310249 0.000000000249462
330625 0.000000000269594
360000 0.000000000334233
375769 0.000000000223812
390625 0.000000000388103
422500 0.000000000250006
452929 0.000000000271174
455625 0.000000000160910
490000 0.000000000268389
525625 0.000000000122688
552049 0.000000000112418
562500 0.000000000139352
600625 0.000000000211539
640000 0.000000000093819
674041 0.000000000087994
680625 0.000000000105241
722500 0.000000000119194
765625 0.000000000077157
776161 0.000000000043175
810000 0.000000000057939
855625 0.000000000070692
902500 0.000000000057296
908209 0.000000000054516
950625 0.000000000058044
1000000 0.000000000047289
1042441 0.000000000027427
1050625 0.000000000024162
1102500 0.000000000044204
1155625 0.000000000066523
1190281 0.000000000053526
1210000 0.000000000044605
1265625 0.000000000019875
1322500 0.000000000038629
1352569 0.000000000031693
1380625 0.000000000028160
1440000 0.000000000025368
