4 0.912500000000000
9 0.956666666666666
25 0.954000000000000
49 0.953877551020409
121 0.955289256198347
169 0.955088757396450
289 0.955017301038063
361 0.954681440443214
529 0.955085066162571
841 0.954922711058263
961 0.954807492195630
1369 0.954952520087656
1681 0.954943486020226
1849 0.954894537587886
2209 0.954902670891806
2809 0.954937700249199
3481 0.954929617925884
3721 0.954904595538834
4489 0.954947649810648
5041 0.954895853997223
5329 0.954946519046726
6241 0.954923890402179
10201 0.954924027056171
12769 0.954926775785104
19321 0.954928316339734
26569 0.954927923519892
32761 0.954926284301456
39601 0.954932703719603
52441 0.954929539863847
63001 0.954929921747274
73441 0.954929807600659
85849 0.954929935118639
100489 0.954930290877608
121801 0.954930008784821
139129 0.954929310208511
157609 0.954929287033101
177241 0.954929672028481
196249 0.954929655692513
214369 0.954930050520365
241081 0.954930002779149
271441 0.954929690061560
310249 0.954929427653272
332929 0.954929399361426
361201 0.954929637514847
383161 0.954929781475672
418609 0.954929540454219
452929 0.954929690967017
491401 0.954929823097633
537289 0.954929823614480
573049 0.954929979809754
619369 0.954929823739968
674041 0.954929581434957
703921 0.954929629887445
744769 0.954929541911653
786769 0.954929617206576
863041 0.954929765793283
908209 0.954929691293524
966289 0.954929746690690
1026169 0.954929587621532
1067089 0.954929598187218
1125721 0.954929693947257
1190281 0.954929583854569
1229881 0.954929590749024
1324801 0.954929676230619
1394761 0.954929568578416
1471369 0.954929687930085
