8 0.111079687500000
27 0.001077640603567
125 0.000030790400000
343 0.000003953284771
1331 0.000000384914773
2197 0.000000132157705
4913 0.000000015656092
6859 0.000000012064818
12167 0.000000002444677
24389 0.000000000987688
29791 0.000000000668279
50653 0.000000000225901
68921 0.000000000100608
79507 0.000000000038663
103823 0.000000000025048
148877 0.000000000001733
205379 0.000000000011152
226981 0.000000000011760
300763 0.000000000004311
357911 0.000000000006201
389017 0.000000000000747
493039 0.000000000001687
704969 0.000000000001178
1030301 0.000000000000036
1225043 0.000000000000417
1442897 0.000000000000343
