4 0.132968750000000
9 0.004171604938272
25 0.000236000000000
49 0.000296709704290
121 0.000046574687521
169 0.000016172402927
289 0.000000000000000
361 0.000002381811067
529 0.000003153219149
841 0.000000907560079
961 0.000000373678563
1369 0.000000267372974
1681 0.000000075165593
1849 0.000000198900141
2209 0.000000052380473
2809 0.000000043546141
3481 0.000000008079317
3721 0.000000044778790
4489 0.000000013021608
5041 0.000000026487819
5329 0.000000026829126
6241 0.000000018937059
10201 0.000000001418407
12769 0.000000004958069
19321 0.000000000538707
26569 0.000000000580242
32761 0.000000000302250
39601 0.000000000501135
52441 0.000000000235777
63001 0.000000000092816
73441 0.000000000000000
85849 0.000000000093839
100489 0.000000000056437
121801 0.000000000052920
139129 0.000000000016036
157609 0.000000000030092
177241 0.000000000022725
196249 0.000000000000257
214369 0.000000000011751
241081 0.000000000012553
271441 0.000000000008755
310249 0.000000000005714
332929 0.000000000006080
361201 0.000000000003130
383161 0.000000000000868
418609 0.000000000003938
452929 0.000000000002084
491401 0.000000000001860
537289 0.000000000002653
573049 0.000000000001891
619369 0.000000000001265
674041 0.000000000000603
703921 0.000000000000040
744769 0.000000000001431
786769 0.000000000000936
863041 0.000000000000978
908209 0.000000000000258
966289 0.000000000000662
1026169 0.000000000000532
1067089 0.000000000000117
1125721 0.000000000000364
1190281 0.000000000000359
1229881 0.000000000000464
1324801 0.000000000000300
1394761 0.000000000000180
1471369 0.000000000000266
