8 1.003750000000000
27 0.958518518518518
125 0.954640000000000
343 0.955014577259475
1331 0.954853493613824
2197 0.954888484296769
4913 0.954937919804600
6859 0.954923458230062
12167 0.954926440371497
24389 0.954932551560129
29791 0.954931690779095
50653 0.954928237221882
68921 0.954928251186141
79507 0.954930509263336
103823 0.954930025138939
148877 0.954929505564997
205379 0.954930348282930
226981 0.954929223150837
300763 0.954929628976969
357911 0.954929689224416
389017 0.954929656030456
493039 0.954929528901365
704969 0.954929762869005
1030301 0.954929714714438
1225043 0.954929573900671
1442897 0.954929672734784
