8 0.950000000000000
27 0.954074074074074
125 0.955040000000000
343 0.955102040816327
1331 0.954943651389932
2197 0.954924897587619
4913 0.954952167718298
6859 0.954948243184138
12167 0.954930549847949
24389 0.954930091434663
29791 0.954929341076164
50653 0.954933370185379
68921 0.954927670811509
79507 0.954930006162979
103823 0.954930025138939
148877 0.954929774243167
205379 0.954930202211521
226981 0.954930192394958
300763 0.954930027962216
357911 0.954929214246000
389017 0.954929784559544
493039 0.954929549183736
704969 0.954929564278713
1030301 0.954929685596733
1225043 0.954929826953013
1442897 0.954929638082275
8 0.947500000000000
27 0.957407407407407
125 0.954800000000000
343 0.955072886297376
1331 0.954966190833960
2197 0.954970414201183
4913 0.954931813555873
6859 0.954895757399038
12167 0.954925618476206
24389 0.954932141539218
29791 0.954930012419859
50653 0.954928039800210
68921 0.954930572684668
79507 0.954930131938068
103823 0.954929928821167
148877 0.954929572734539
205379 0.954929471854474
226981 0.954929839942550
300763 0.954929828469592
357911 0.954929940683578
389017 0.954929656030457
493039 0.954929447771880
704969 0.954929706128922
1030301 0.954929675890832
1225043 0.954929622878544
1442897 0.954929679665285
8 0.947500000000000
27 0.957407407407407
125 0.954800000000000
343 0.955072886297376
1331 0.954966190833960
2197 0.954970414201183
4913 0.954931813555873
6859 0.954895757399038
12167 0.954925618476206
24389 0.954932141539218
29791 0.954930012419859
50653 0.954928039800210
68921 0.954930572684668
8 0.947500000000000
27 0.957407407407407
125 0.954800000000000
343 0.955072886297376
1331 0.954966190833960
2197 0.954970414201183
4913 0.954931813555873
6859 0.954895757399038
12167 0.954925618476206
24389 0.954932141539218
29791 0.954930012419859
50653 0.954928039800210
68921 0.954930572684668
79507 0.954930131938068
103823 0.954929928821167
148877 0.954929572734539
205379 0.954929471854474
226981 0.954929839942550
300763 0.954929828469592
357911 0.954929940683578
389017 0.954929656030457
493039 0.954929447771880
704969 0.954929706128922
1030301 0.954929675890832
1225043 0.954929622878544
1442897 0.954929679665285
8 0.947500000000000
27 0.957407407407407
125 0.954800000000000
343 0.955072886297376
1331 0.954966190833960
2197 0.954970414201183
4913 0.954931813555873
6859 0.954895757399038
12167 0.954925618476206
24389 0.954932141539218
29791 0.954930012419859
50653 0.954928039800210
8 0.947500000000000
27 0.957407407407407
125 0.954800000000000
343 0.955072886297376
1331 0.954966190833960
2197 0.954970414201183
4913 0.954931813555873
6859 0.954895757399038
12167 0.954925618476206
24389 0.954932141539218
8 0.936250000000000
27 0.958518518518519
125 0.955440000000000
343 0.954518950437318
1331 0.954988730277987
2197 0.954924897587619
4913 0.954909423977203
6859 0.954910336783788
12167 0.954921508999753
24389 0.954928861371930
29791 0.954927662716928
50653 0.954928237221883
68921 0.954929411935404
79507 0.954930383488246
103823 0.954929447232310
148877 0.954929438395454
205379 0.954930104830582
226981 0.954929531546694
300763 0.954929462733115
357911 0.954929465705161
389017 0.954929681736273
493039 0.954929528901365
704969 0.954929805424068
1030301 0.954929675890832
1225043 0.954929655530460
1442897 0.954929679665285
