8 0.010154687500000
27 0.001077640603567
125 0.000029766400000
343 0.000002719955121
1331 0.000000351046337
2197 0.000000146908651
4913 0.000000017777267
6859 0.000000010141164
12167 0.000000002223110
24389 0.000000000945491
29791 0.000000000616899
50653 0.000000000296057
68921 0.000000000116608
79507 0.000000000045481
103823 0.000000000034362
148877 0.000000000001313
205379 0.000000000010951
226981 0.000000000010101
300763 0.000000000004063
357911 0.000000000005483
389017 0.000000000000698
493039 0.000000000001604
704969 0.000000000001292
1030301 0.000000000000000
1225043 0.000000000000505
1442897 0.000000000000279
