4 1.645000000000001
9 1.641111111111111
25 1.634800000000001
49 1.638571428571430
121 1.634049586776861
169 1.637514792899409
289 1.635224913494809
361 1.539529085872576
529 1.411342155009452
841 1.332378121284186
961 1.307377731529657
1369 1.280284879474068
1681 1.254824509220702
1849 1.244029204975662
2209 1.226396559529199
2809 1.212776788892844
3481 1.201413386957772
3721 1.197272238645525
4489 1.186807752283359
5041 1.181390597103749
5329 1.179054231563145
6241 1.172767184746034
10201 1.201654739731399
12769 1.226782833424702
19321 1.349506236737230
26569 1.427842222138583
32761 1.466680504258112
39601 1.306634680942401
52441 1.306356476802501
63001 1.306331010618879
73441 1.306395065426669
85849 1.306395531689362
100489 1.306383584272906
121801 1.306323429200088
139129 1.282542101215419
157609 1.306239427951449
177241 1.284835450036956
196249 1.306294809145525
214369 1.289203989382792
241081 1.306310493153754
271441 1.284652281711311
310249 1.306255169235034
332929 1.291933775669887
361201 1.279788926387247
383161 1.306304921429895
418609 1.289174551908822
452929 1.277617971028572
491401 1.306252490328672
537289 1.289052707202269
573049 1.279543267678680
619369 1.306276565343115
674041 1.289772091015236
703921 1.283268889548685
744769 1.306340261208509
786769 1.294393589477980
863041 1.280448113125564
908209 1.306324667560000
966289 1.293270791657568
1026169 1.284131580665562
1067089 1.278473913609830
1125721 1.306301223837878
1190281 1.294250399695534
1229881 1.289172944374294
1324801 1.278241562317661
1394761 1.306297437338727
1471369 1.294609795367443
