4 0.060225000000000
9 0.002433333333333
25 0.004180960000000
49 0.001235276967930
121 0.000360740386586
169 0.000116676586954
289 0.000085770045857
361 0.000012868992718
529 0.000040737418749
841 0.000011550006292
961 0.000007382506732
1369 0.000005872441055
1681 0.000001433383786
1849 0.000005752279820
2209 0.000000798802217
2809 0.000001355291268
3481 0.000001611373962
3721 0.000002001142437
4489 0.000001480989569
5041 0.000001163161933
5329 0.000000840460506
6241 0.000000561806277
10201 0.000000282466719
12769 0.001694735224203
19321 0.001009006545739
26569 0.000592168777310
32761 0.000553364067672
39601 0.001098471277406
52441 0.001108697379152
63001 0.001109032818129
73441 0.001105731140827
85849 0.001108283661544
100489 0.001107196826397
121801 0.001110893353614
139129 0.000000006753155
157609 0.001116485481197
177241 0.000000000214857
196249 0.001112944570237
214369 0.000000004213623
241081 0.001111586518421
271441 0.000000001972986
310249 0.001115751891734
332929 0.000000002007291
361201 0.000000002507305
383161 0.001112168697889
418609 0.000000000329646
452929 0.000000000960674
491401 0.001115851543626
537289 0.000000001087761
573049 0.000000000186275
619369 0.001114159664305
674041 0.000000000735272
703921 0.000000000210480
744769 0.001109742583559
786769 0.000000000742655
863041 0.000000000531647
908209 0.001110889875745
966289 0.000000000165987
1026169 0.000000000501679
1067089 0.000000000302339
1125721 0.001112259612845
1190281 0.000000000276082
1229881 0.000000000009714
1324801 0.000000000266054
1394761 0.001112455976931
1471369 0.000000000091893
