4 0.032500000000000
9 0.004143209876543
25 0.000156640000000
49 0.000346688879633
121 0.000045700430298
169 0.000016722103568
289 0.000000459764610
361 0.000002862930763
529 0.000002328465093
841 0.000000830645811
961 0.000000300588725
1369 0.000000229649427
1681 0.000000066389196
1849 0.000000221451907
2209 0.000000086808953
2809 0.000000059552770
3481 0.000000005372457
3721 0.000000060227472
4489 0.000000015180297
5041 0.000000029104726
5329 0.000000017606724
6241 0.000000014490342
10201 0.000000002086288
12769 0.000000003848575
19321 0.000000000448967
26569 0.000000000636907
32761 0.000000000362532
39601 0.000000000446360
52441 0.000000000300503
63001 0.000000000113350
73441 0.000000000000000
85849 0.000000000092415
100489 0.000000000054218
121801 0.000000000060665
139129 0.000000000017828
157609 0.000000000029287
177241 0.000000000025924
196249 0.000000000000000
214369 0.000000000010051
241081 0.000000000011122
271441 0.000000000008430
310249 0.000000000005178
332929 0.000000000007632
361201 0.000000000002927
383161 0.000000000000667
418609 0.000000000004109
452929 0.000000000002546
491401 0.000000000001608
537289 0.000000000002376
573049 0.000000000000919
619369 0.000000000001479
674041 0.000000000000468
703921 0.000000000000059
744769 0.000000000001255
786769 0.000000000000952
863041 0.000000000000871
908209 0.000000000000369
966289 0.000000000000748
1026169 0.000000000000526
1067089 0.000000000000042
1125721 0.000000000000225
1190281 0.000000000000342
1229881 0.000000000000419
1324801 0.000000000000295
1394761 0.000000000000219
1471369 0.000000000000315
