4 0.950000000000000
9 0.957777777777778
25 0.955600000000001
49 0.953877551020408
121 0.954793388429752
169 0.954556213017752
289 0.954878892733565
361 0.954653739612189
529 0.955047258979207
841 0.954875148632580
961 0.954921956295526
1369 0.954974433893353
1681 0.954895895300416
1849 0.954986479177934
2209 0.954920778632866
2809 0.954962620149520
3481 0.954918126975008
3721 0.954901908089224
4489 0.954936511472488
5041 0.954965284665741
5329 0.954925877275286
6241 0.954920685787535
10201 0.954928928536418
12769 0.954933824105255
19321 0.954928833911288
26569 0.954929429033837
32761 0.954930252434297
39601 0.954930431049721
52441 0.954931446768750
63001 0.954929128109078
73441 0.954929807600659
85849 0.954928653799112
100489 0.954929892824090
121801 0.954929762481425
139129 0.954929813338701
157609 0.954929287033101
177241 0.954930518333795
196249 0.954929706648187
214369 0.954930097168901
241081 0.954929836859812
271441 0.954930058465744
310249 0.954929621046321
332929 0.954929459434294
361201 0.954929775941927
383161 0.954929885870431
418609 0.954929301567812
452929 0.954929448103345
491401 0.954929802747654
537289 0.954929674718820
573049 0.954929526096373
619369 0.954929694576254
674041 0.954929655614422
703921 0.954929644093584
744769 0.954929729889402
786769 0.954929629916786
863041 0.954929684684737
908209 0.954929603208072
966289 0.954929591457628
1026169 0.954929636346450
1067089 0.954929673157534
1125721 0.954929711713649
1190281 0.954929684671099
1229881 0.954929720842911
1324801 0.954929661134012
1394761 0.954929597257165
1471369 0.954929667540909
