0 -nan
4 0.043618750000000
9 0.012961728395062
25 0.001548000000000
49 0.000414660558101
121 0.000090232907588
169 0.000081828367354
289 0.000012686629710
361 0.000007074070948
529 0.000003220042810
625 0.000002596864000
841 0.000002734273931
961 0.000001071984286
1369 0.000001108282586
1681 0.000000449117954
1849 0.000000605592428
2209 0.000000240569004
2500 0.000000241984000
2809 0.000000184766936
3481 0.000000148373891
3721 0.000000143544910
4489 0.000000083449452
5041 0.000000068928931
5329 0.000000056426030
5625 0.000000045827160
6241 0.000000045933152
10000 0.000000010979000
15625 0.000000006809190
17161 0.000000007150766
22500 0.000000002205235
30625 0.000000001554126
32761 0.000000001462801
40000 0.000000001026500
50625 0.000000000568850
57121 0.000000000806023
62500 0.000000000377114
75625 0.000000000491175
85849 0.000000000389075
90000 0.000000000171000
105625 0.000000000209741
122500 0.000000000110427
128881 0.000000000085489
140625 0.000000000119720
160000 0.000000000066781
177241 0.000000000076942
180625 0.000000000058663
202500 0.000000000048702
225625 0.000000000035506
229441 0.000000000034608
250000 0.000000000025734
275625 0.000000000023529
302500 0.000000000020943
310249 0.000000000018512
330625 0.000000000015196
360000 0.000000000012786
375769 0.000000000013869
390625 0.000000000009287
422500 0.000000000009444
452929 0.000000000011925
455625 0.000000000007293
490000 0.000000000004117
525625 0.000000000005668
552049 0.000000000007616
562500 0.000000000007462
600625 0.000000000005447
640000 0.000000000002708
674041 0.000000000006300
680625 0.000000000005266
722500 0.000000000003703
765625 0.000000000003443
776161 0.000000000002525
810000 0.000000000001477
855625 0.000000000003221
902500 0.000000000002452
908209 0.000000000002588
950625 0.000000000002576
1000000 0.000000000001062
1042441 0.000000000001421
1050625 0.000000000000887
1102500 0.000000000001239
1155625 0.000000000001783
1190281 0.000000000001647
1210000 0.000000000001094
1265625 0.000000000000793
1322500 0.000000000000772
1352569 0.000000000001369
1380625 0.000000000001100
1440000 0.000000000000694
