0 -nan
4 0.972500000000000
9 0.943333333333333
25 0.950000000000000
49 0.951428571428572
121 0.955950413223141
169 0.954260355029586
289 0.954948096885814
361 0.954542936288089
529 0.954952741020794
625 0.954944000000000
841 0.955041617122474
961 0.954942767950052
1369 0.954908692476260
1681 0.954806662700774
1849 0.954916170903191
2209 0.954870982344952
2500 0.954904000000000
2809 0.954927020291919
3481 0.954929617925883
3721 0.954918032786885
4489 0.954938739140121
5041 0.954925609998016
5329 0.954918371176581
5625 0.954897777777778
6241 0.954899855792342
10000 0.954939000000001
15625 0.954928640000001
17161 0.954943767845697
22500 0.954930666666667
30625 0.954928326530613
32761 0.954931168157260
40000 0.954931000000000
50625 0.954935506172840
57121 0.954928835279495
62500 0.954930080000000
75625 0.954929322314050
85849 0.954930750503792
90000 0.954932555555556
105625 0.954929230769230
122500 0.954928734693878
128881 0.954928965479784
140625 0.954930133333333
160000 0.954928000000000
177241 0.954930123391315
180625 0.954930435986159
202500 0.954929530864198
225625 0.954929861495845
229441 0.954929197484320
250000 0.954929840000000
275625 0.954930249433107
302500 0.954929123966942
310249 0.954929459885447
330625 0.954929814744801
360000 0.954929916666667
375769 0.954929650929162
390625 0.954929228800000
422500 0.954929680473373
452929 0.954930154615845
455625 0.954929624142661
490000 0.954929673469388
525625 0.954929293697979
552049 0.954929417497360
562500 0.954929475555556
600625 0.954930164412071
640000 0.954929640625000
674041 0.954929685286207
680625 0.954929630853994
722500 0.954929923875433
765625 0.954929580408163
776161 0.954929673096175
810000 0.954929592592592
855625 0.954929308984661
902500 0.954929385041552
908209 0.954929801400339
950625 0.954929493754110
1000000 0.954929760000000
1042441 0.954929497208955
1050625 0.954929665675193
1102500 0.954929514739229
1155625 0.954929730665225
1190281 0.954929659466966
1210000 0.954929677685950
1265625 0.954929785679012
1322500 0.954929686200378
1352569 0.954929781770838
1380625 0.954929665912177
1440000 0.954929833333333
