4 0.126975000000000
9 0.058148148148148
25 0.029134560000000
49 0.014674344023324
121 0.007020941192541
169 0.003638303980953
289 0.001653984027969
361 0.001945235994199
529 0.001138493287260
841 0.000863755565327
961 0.000643328630318
1369 0.000512445782406
1681 0.000495875765856
1849 0.000250705993124
2209 0.000294396518953
2809 0.000248490440570
3481 0.000232840096123
3721 0.000180738020897
4489 0.000163894063263
5041 0.000125023118305
5329 0.000127727643413
6241 0.000100041897217
10201 0.000050906106925
12769 0.000044294135494
19321 0.000029087874684
26569 0.000022003128943
32761 0.000020739381030
39601 0.000016525499161
52441 0.000011879942127
63001 0.000011538785715
73441 0.000010173881282
85849 0.000005999429623
100489 0.000006735141227
121801 0.000005970138101
139129 0.000004654841210
157609 0.000003854902455
177241 0.000003987099512
196249 0.000003568669709
214369 0.000002484345960
241081 0.000003751857574
271441 0.000001774379177
310249 0.000002061791438
332929 0.000001786898035
361201 0.000002271163236
383161 0.000001116484158
418609 0.000001541493636
452929 0.000001780225969
491401 0.000001717420550
537289 0.000001130239372
573049 0.000001301585239
619369 0.000001018093644
674041 0.000000914409216
703921 0.000001266900432
744769 0.000000908480126
786769 0.000000894137510
863041 0.000000776682334
908209 0.000000972665744
966289 0.000000737506159
1026169 0.000000715612478
1067089 0.000000561790520
1125721 0.000000499773690
1190281 0.000000498203010
1229881 0.000000575364288
1324801 0.000000528234821
1394761 0.000000464476540
1471369 0.000000538457986
