4 1.647499999999999
9 1.603333333333332
25 1.625600000000001
49 1.657142857142858
121 1.636528925619835
169 1.637396449704142
289 1.634878892733564
361 1.537479224376731
529 1.407448015122873
841 1.327360285374554
961 1.301914672216441
1369 1.274229364499635
1681 1.253926234384295
1849 1.241049215792320
2209 1.230004526935264
2809 1.225973656105376
3481 1.227365699511636
3721 1.222182209083579
4489 1.222423702383604
5041 1.224850228129339
5329 1.220896978795271
6241 1.221445281204935
10201 1.227505146554260
12769 1.222816195473412
19321 1.348856684436624
26569 1.426979562648199
32761 1.466627087085254
39601 1.306719022246913
52441 1.306716119067142
63001 1.306560530785225
73441 1.306649963916614
85849 1.306962457337884
100489 1.306368856292729
121801 1.306808154284448
139129 1.297308900373036
157609 1.306526340500860
177241 1.297782003035415
196249 1.306595498575789
214369 1.299042958636742
241081 1.306364375458870
271441 1.297462505664215
310249 1.306595412072239
332929 1.299794761045148
361201 1.296029053075711
383161 1.306458016343000
418609 1.298860726835783
452929 1.295512762485953
491401 1.306492294480475
537289 1.298875372471798
573049 1.295908360367088
619369 1.306488135505651
674041 1.299040592486214
703921 1.297082826055765
744769 1.306500122856887
786769 1.300721240923320
863041 1.296256157007605
908209 1.306405794261013
966289 1.300262995853209
1026169 1.297449796281120
1067089 1.295681128753084
1125721 1.306561394874929
1190281 1.300538519895722
1229881 1.298972144459505
1324801 1.295781781565684
1394761 1.306548211485695
1471369 1.300654852725591
4 0.945000000000000
9 0.966666666666666
25 0.958800000000000
49 0.956530612244898
121 0.949752066115703
169 0.953136094674557
289 0.950726643598616
361 0.958642659279778
529 0.956086956521739
841 0.955541022592152
961 0.953850156087409
1369 0.958210372534696
1681 0.954527067221893
1849 0.952033531638724
2209 0.955486645540969
2809 0.956578853684585
3481 0.955372019534617
3721 0.955116904058049
4489 0.955341946981510
5041 0.955727038286055
5329 0.956115593920060
6241 0.953885595257170
10201 0.952701695912166
12769 0.954702012686976
19321 0.955634283939755
26569 0.954655801874365
32761 0.954238881597021
39601 0.954713769854297
52441 0.955023359585058
63001 0.954844526277360
73441 0.954647267874892
85849 0.954761616326341
100489 0.955358098896397
121801 0.954822127897144
139129 0.954517462211329
157609 0.954819267935207
177241 0.954458505650498
196249 0.954923846745716
214369 0.954963544169166
241081 0.954988821184581
271441 0.955085672392896
310249 0.954769684994956
332929 0.954865722120933
361201 0.955101951544985
383161 0.954687637833704
418609 0.954856990652375
452929 0.954993100463870
491401 0.955010327614312
537289 0.955131707516812
573049 0.954939734647474
619369 0.954898340084829
674041 0.954711657006028
703921 0.954779385754936
744769 0.954891865799999
786769 0.954856635175001
863041 0.955102399538377
908209 0.954790241012807
966289 0.954930233087617
1026169 0.954994917991091
1067089 0.954904080165760
1125721 0.954965892969928
1190281 0.955013732051508
1229881 0.954898847937321
1324801 0.954950494451620
1394761 0.954987090978311
1471369 0.954943301102578
