0 -nan
4 0.031718750000000
9 0.016943209876543
25 0.002659840000000
49 0.000458933777593
121 0.000131268355987
169 0.000081576275340
289 0.000017715305133
361 0.000017552811903
529 0.000003314382096
625 0.000002764800000
841 0.000002344754065
961 0.000001755347198
1369 0.000001044253935
1681 0.000000566891538
1849 0.000000733707519
2209 0.000000382893882
2500 0.000000214576000
2809 0.000000274900858
3481 0.000000181054274
3721 0.000000183997491
4489 0.000000128806730
5041 0.000000067071517
5329 0.000000077254785
5625 0.000000057125926
6241 0.000000039463333
10000 0.000000014499000
15625 0.000000010140058
17161 0.000000006880817
22500 0.000000003846914
30625 0.000000001895637
32761 0.000000001954657
40000 0.000000001027750
50625 0.000000000740414
57121 0.000000000880806
62500 0.000000000450662
75625 0.000000000585822
85849 0.000000000483728
90000 0.000000000269827
105625 0.000000000338597
122500 0.000000000198177
128881 0.000000000138920
140625 0.000000000142981
160000 0.000000000083594
177241 0.000000000103580
180625 0.000000000067049
202500 0.000000000057403
225625 0.000000000061829
229441 0.000000000030262
250000 0.000000000025440
275625 0.000000000038826
302500 0.000000000025353
310249 0.000000000017739
330625 0.000000000017801
360000 0.000000000017731
375769 0.000000000021385
390625 0.000000000014743
422500 0.000000000013711
452929 0.000000000010794
455625 0.000000000014771
490000 0.000000000004219
525625 0.000000000008029
552049 0.000000000009051
562500 0.000000000009363
600625 0.000000000008432
640000 0.000000000002962
674041 0.000000000007148
680625 0.000000000007517
722500 0.000000000003394
765625 0.000000000005817
776161 0.000000000002965
810000 0.000000000002633
855625 0.000000000003791
902500 0.000000000003683
908209 0.000000000003309
950625 0.000000000002754
1000000 0.000000000002141
1042441 0.000000000001916
1050625 0.000000000001179
1102500 0.000000000001949
1155625 0.000000000002671
1190281 0.000000000002363
1210000 0.000000000002159
1265625 0.000000000001842
1322500 0.000000000001018
1352569 0.000000000002165
1380625 0.000000000001358
1440000 0.000000000000733
