0 -nan
4 0.962499999999999
9 0.971111111111111
25 0.969600000000000
49 0.957346938775510
121 0.953801652892562
169 0.955562130177515
289 0.954948096885813
361 0.955263157894737
529 0.954914933837429
625 0.954560000000000
841 0.954768133174792
961 0.955078043704475
1369 0.954908692476260
1681 0.954842355740630
1849 0.954862087614927
2209 0.954975101856043
2500 0.954932000000000
2809 0.954976860092560
3481 0.954952599827635
3721 0.954899220639613
4489 0.954862998440633
5041 0.954901805197382
5329 0.954905235503847
5625 0.954960000000000
6241 0.954931901938792
10000 0.954951000000000
15625 0.954919680000000
17161 0.954923372763825
22500 0.954926666666666
30625 0.954926040816326
32761 0.954927810506395
40000 0.954933500000000
50625 0.954929777777778
57121 0.954932336618757
62500 0.954930240000000
75625 0.954930776859504
85849 0.954925858192874
90000 0.954932000000000
105625 0.954931881656804
122500 0.954929061224490
128881 0.954930129344124
140625 0.954929422222222
160000 0.954930000000001
177241 0.954929672028481
180625 0.954928996539793
202500 0.954929333333333
225625 0.954929418282548
229441 0.954930156336487
250000 0.954929200000000
275625 0.954929777777778
302500 0.954929586776860
310249 0.954928944170650
330625 0.954929935727788
360000 0.954929472222222
375769 0.954929810601726
390625 0.954929971200000
422500 0.954929585798817
452929 0.954928564962721
455625 0.954929075445816
490000 0.954929326530613
525625 0.954929921521998
552049 0.954929652983702
562500 0.954929351111111
600625 0.954930131113424
640000 0.954929484375000
674041 0.954929818809241
680625 0.954929307621672
722500 0.954929799307959
765625 0.954929502040816
776161 0.954930020962145
810000 0.954929814814815
855625 0.954929577794010
902500 0.954929617728532
908209 0.954929394005125
950625 0.954929683103222
1000000 0.954929670000000
1042441 0.954929737030681
1050625 0.954929522903034
1102500 0.954929678004535
1155625 0.954929713358572
1190281 0.954929592255947
1210000 0.954929611570248
1265625 0.954929698765432
1322500 0.954929550094518
1352569 0.954929715230794
1380625 0.954929441376188
1440000 0.954929583333333
