0 -nan
4 0.029868750000000
9 0.014779012345679
25 0.002465760000000
49 0.000632902957101
121 0.000106031008811
169 0.000056086971745
289 0.000023701823493
361 0.000018050812993
529 0.000003543440740
625 0.000003152896000
841 0.000002371193345
961 0.000001789997196
1369 0.000001229563522
1681 0.000000651718245
1849 0.000000843453597
2209 0.000000375823747
2500 0.000000273200000
2809 0.000000234510418
3481 0.000000178017309
3721 0.000000143725470
4489 0.000000103716314
5041 0.000000070278704
5329 0.000000083424181
5625 0.000000049227852
6241 0.000000047945985
10000 0.000000014116000
15625 0.000000011909120
17161 0.000000009439731
22500 0.000000003044148
30625 0.000000002422884
32761 0.000000001989783
40000 0.000000000958500
50625 0.000000001068949
57121 0.000000000908297
62500 0.000000000451866
75625 0.000000000570645
85849 0.000000000415411
90000 0.000000000253469
105625 0.000000000321280
122500 0.000000000143274
128881 0.000000000133285
140625 0.000000000101722
160000 0.000000000091324
177241 0.000000000085550
180625 0.000000000059966
202500 0.000000000072113
225625 0.000000000064282
229441 0.000000000034715
250000 0.000000000028262
275625 0.000000000039616
302500 0.000000000022183
310249 0.000000000020333
330625 0.000000000019258
360000 0.000000000016127
375769 0.000000000025025
390625 0.000000000012370
422500 0.000000000013653
452929 0.000000000013128
455625 0.000000000013042
490000 0.000000000004173
525625 0.000000000011142
552049 0.000000000008054
562500 0.000000000009814
600625 0.000000000006980
640000 0.000000000003149
674041 0.000000000008562
680625 0.000000000007774
722500 0.000000000003950
765625 0.000000000005271
776161 0.000000000003329
810000 0.000000000002387
855625 0.000000000005272
902500 0.000000000003594
908209 0.000000000003457
950625 0.000000000002954
1000000 0.000000000001628
1042441 0.000000000001887
1050625 0.000000000001017
1102500 0.000000000002171
1155625 0.000000000002134
1190281 0.000000000002594
1210000 0.000000000001902
1265625 0.000000000001514
1322500 0.000000000000843
1352569 0.000000000002267
1380625 0.000000000001411
1440000 0.000000000000869
