0 -nan
4 0.902500000000001
9 0.970000000000000
25 0.966800000000000
49 0.959591836734694
121 0.952561983471075
169 0.955088757396450
289 0.955086505190312
361 0.954958448753462
529 0.955047258979206
625 0.954848000000000
841 0.955089179548157
961 0.954869927159209
1369 0.954959824689555
1681 0.954955383700179
1849 0.954883720930232
2209 0.954816659121774
2500 0.954860000000000
2809 0.954916340334639
3481 0.954964090778512
3721 0.954931470034937
4489 0.954845177099577
5041 0.954927593731402
5329 0.954969037342841
5625 0.954965333333333
6241 0.954935106553437
10000 0.954922000000000
15625 0.954934400000000
17161 0.954944350562322
22500 0.954925777777778
30625 0.954930285714286
32761 0.954927505265407
40000 0.954923000000000
50625 0.954923851851852
57121 0.954930410882162
62500 0.954926880000000
75625 0.954927867768595
85849 0.954929236217079
90000 0.954931888888889
105625 0.954931692307692
122500 0.954929795918367
128881 0.954929818980299
140625 0.954931342222222
160000 0.954928812499999
177241 0.954929446347064
180625 0.954929051903114
202500 0.954929728395062
225625 0.954928487534626
229441 0.954929371821078
250000 0.954929760000000
275625 0.954929777777778
302500 0.954928892561984
310249 0.954929008635000
330625 0.954929512287335
360000 0.954929722222222
375769 0.954929544480785
390625 0.954930304000000
422500 0.954929633136095
452929 0.954929205239673
455625 0.954929272976680
490000 0.954929408163265
525625 0.954929769322236
552049 0.954930015270383
562500 0.954929013333333
600625 0.954930097814777
640000 0.954929671875000
674041 0.954930026511741
680625 0.954929910009183
722500 0.954929979238755
765625 0.954929763265306
776161 0.954929608676550
810000 0.954929987654321
855625 0.954929998539080
902500 0.954929839335180
908209 0.954929735336250
950625 0.954929662064432
1000000 0.954929450000000
1042441 0.954929478023216
1050625 0.954929456276026
1102500 0.954929668934241
1155625 0.954929583558680
1190281 0.954929449432529
1210000 0.954929809917356
1265625 0.954929722469136
1322500 0.954929534971645
1352569 0.954929730017470
1380625 0.954929615210502
1440000 0.954929743055556
