8 0.023750000000000
27 0.018518518518519
125 0.017440000000000
343 0.017142857142857
1331 0.016761833208114
2197 0.016754665452890
4913 0.016952981884795
6859 0.016913544248433
12167 0.016900632859374
24389 0.016889581368650
29791 0.016880601523950
50653 0.016876986555584
68921 0.016881647103205
79507 0.016883419070019
103823 0.016886142762201
148877 0.016887430563485
205379 0.016888727669333
226981 0.016885862693353
300763 0.016885122172608
357911 0.016884728326316
389017 0.016890470082284
493039 0.016881646279503
704969 0.016888614960374
1030301 0.016887948279192
1225043 0.016885888903492
1442897 0.016887255292651
