8 0.003029687500000
27 0.000342935528121
125 0.000044006400000
343 0.000010417428112
1331 0.000001283557270
2197 0.000000885450408
4913 0.000000224790657
6859 0.000000183435825
12167 0.000000094525051
24389 0.000000036168051
29791 0.000000027039775
50653 0.000000010957170
68921 0.000000008389290
79507 0.000000006882614
103823 0.000000004922538
148877 0.000000003514990
205379 0.000000002638229
226981 0.000000001866778
300763 0.000000001523834
357911 0.000000000882411
389017 0.000000000773768
493039 0.000000000621151
704969 0.000000000392988
1030301 0.000000000271800
1225043 0.000000000179897
1442897 0.000000000129160
