4 0.002968750000000
9 0.001659259259259
25 0.000423040000000
49 0.000244023323615
121 0.000087555494843
169 0.000047375792164
289 0.000032250571713
361 0.000021374912716
529 0.000015846141202
841 0.000009416342302
961 0.000006729029443
1369 0.000007349368597
1681 0.000005615336895
1849 0.000004576896988
2209 0.000003688847693
2809 0.000003160567778
3481 0.000002279011082
3721 0.000002524043140
4489 0.000002061304679
5041 0.000001723660076
5329 0.000001319743712
6241 0.000001281566013
10201 0.000000698451085
12769 0.000000489982785
19321 0.000000391802818
26569 0.000000216199684
32761 0.000000215215813
39601 0.000000186490109
52441 0.000000110504232
63001 0.000000142706959
73441 0.000000096678709
85849 0.000000109700994
100489 0.000000085067001
121801 0.000000069299332
139129 0.000000051749583
157609 0.000000049045053
177241 0.000000041210039
196249 0.000000030878034
214369 0.000000030001992
241081 0.000000030389747
271441 0.000000025737308
310249 0.000000025811068
332929 0.000000022934010
361201 0.000000021680088
383161 0.000000023556533
418609 0.000000018426620
452929 0.000000017164879
491401 0.000000014223689
537289 0.000000012378344
573049 0.000000014159878
619369 0.000000013999364
674041 0.000000010123400
703921 0.000000009739974
744769 0.000000009043289
786769 0.000000009815122
863041 0.000000007144776
908209 0.000000008223339
966289 0.000000007757328
1026169 0.000000007316428
1067089 0.000000006695698
1125721 0.000000006509749
1190281 0.000000004780922
1229881 0.000000005817673
1324801 0.000000006035095
1394761 0.000000005288409
1471369 0.000000003598859
