4 0.012500000000000
9 0.017777777777778
25 0.013600000000000
49 0.016122448979592
121 0.017272727272727
169 0.016982248520710
289 0.017024221453287
361 0.016288088642659
529 0.016710775047259
841 0.016646848989298
961 0.016815816857440
1369 0.016939371804237
1681 0.016763831052945
1849 0.016901027582477
2209 0.016813037573563
2809 0.017073691705233
3481 0.016839988509049
3721 0.017051867777479
4489 0.017001559367342
5041 0.016895457250546
5329 0.016881215987990
6241 0.016861079955135
10201 0.016893441819429
12769 0.016944161641475
19321 0.016880078670876
26569 0.016903534193985
32761 0.016887457647813
39601 0.016910431554759
52441 0.016869052840335
63001 0.016903065030714
73441 0.016902547623262
85849 0.016920290277114
100489 0.016887520027068
121801 0.016872028965279
139129 0.016900574287172
157609 0.016874290173784
177241 0.016903820222183
196249 0.016904850470576
214369 0.016914385941997
241081 0.016895068462467
271441 0.016901057688411
310249 0.016870288058946
332929 0.016892280336048
361201 0.016864875789380
383161 0.016891854859968
418609 0.016907591571132
452929 0.016864497526102
491401 0.016891174417634
537289 0.016890928345825
573049 0.016880214431925
619369 0.016870799152040
674041 0.016871777829539
703921 0.016886014197616
744769 0.016895198376946
786769 0.016881308236598
863041 0.016868990001634
908209 0.016904104671942
966289 0.016875417188853
1026169 0.016879841429628
1067089 0.016883774455552
1125721 0.016882575700373
1190281 0.016881492689541
1229881 0.016881438122875
1324801 0.016886377652191
1394761 0.016881365337861
1471369 0.016882719426602
