8 0.001150000000000
27 0.000303292181070
125 0.000048505600000
343 0.000011453561016
1331 0.000001833637114
2197 0.000000697665891
4913 0.000000317260616
6859 0.000000264803203
12167 0.000000099215806
24389 0.000000051917769
29791 0.000000031769558
50653 0.000000013393907
68921 0.000000010337121
79507 0.000000008542715
103823 0.000000008288869
148877 0.000000003719033
205379 0.000000002837638
226981 0.000000001510507
300763 0.000000001057586
357911 0.000000001170805
389017 0.000000001450144
493039 0.000000000680405
704969 0.000000000419495
1030301 0.000000000288746
1225043 0.000000000264285
1442897 0.000000000178387
