8 0.125000000000000
27 0.037037037037037
125 0.032000000000000
343 0.020612244897959
1331 0.017280240420736
2197 0.015930814747383
4913 0.017708121310808
6859 0.018370024784954
12167 0.017061724336320
24389 0.016933863627045
29791 0.016984995468430
50653 0.016603162695201
68921 0.016961448615081
79507 0.016765819361817
103823 0.017116727507392
148877 0.016785668706382
205379 0.016983235871243
226981 0.016860442063433
300763 0.016986796913184
357911 0.016900849652567
389017 0.016968410120894
493039 0.016846537495005
704969 0.016904289408470
1030301 0.016883415623201
1225043 0.016873146493633
1442897 0.016891018555032
8 0.125000000000000
27 0.037037037037037
125 0.032000000000000
343 0.020787172011662
1331 0.017280240420736
2197 0.015930814747383
4913 0.017708121310808
6859 0.018370024784954
12167 0.017058436755157
24389 0.016933863627045
29791 0.016984995468430
50653 0.016603162695201
68921 0.016961448615081
79507 0.016765819361817
103823 0.017117305414022
148877 0.016785668706382
205379 0.016983235871243
226981 0.016860442063433
300763 0.016986796913184
357911 0.016900849652567
389017 0.016968410120894
493039 0.016846537495005
704969 0.016904289408470
1030301 0.016883415623201
1225043 0.016873146493633
1442897 0.016891018555032
8 0.125000000000000
27 0.037037037037037
125 0.032000000000000
343 0.020787172011662
1331 0.017280240420736
2197 0.015930814747383
4913 0.017708121310808
6859 0.018370024784954
12167 0.017058436755157
24389 0.016933863627045
29791 0.016984995468430
50653 0.016603162695201
68921 0.016961448615081
79507 0.016765819361817
103823 0.017117305414022
148877 0.016785668706382
205379 0.016983235871243
226981 0.016860442063433
300763 0.016986796913184
357911 0.016900849652567
389017 0.016968410120894
493039 0.016846537495005
704969 0.016904289408470
1030301 0.016883415623201
1225043 0.016873146493633
1442897 0.016891018555032
8 0.010000000000000
27 0.012222222222222
125 0.016880000000000
343 0.016472303206997
1331 0.016934635612322
2197 0.016909421939008
4913 0.016871565235091
6859 0.016782329785683
12167 0.016894057697049
24389 0.016876050678585
29791 0.016897049444463
50653 0.016888042169269
68921 0.016892384033894
79507 0.016882538644396
103823 0.016884986948942
148877 0.016896498451742
205379 0.016884053384231
226981 0.016893880985633
300763 0.016885554406626
357911 0.016887270857839
389017 0.016883735158104
493039 0.016886311224873
704969 0.016884671524563
1030301 0.016888753869015
1225043 0.016886639897538
1442897 0.016884725659559
