4 0.014218750000000
9 0.002541975308642
25 0.000927360000000
49 0.000188088296543
121 0.000050672768254
169 0.000029673330766
289 0.000014581961423
361 0.000011390336170
529 0.000006623761350
841 0.000002700482552
961 0.000003150550989
1369 0.000001375335417
1681 0.000000859060621
1849 0.000000999736457
2209 0.000000713489263
2809 0.000000583931449
3481 0.000000362290106
3721 0.000000377087965
4489 0.000000283909764
5041 0.000000198979359
5329 0.000000192473189
6241 0.000000108764857
10201 0.000000082302201
12769 0.000000912188330
19321 0.000000895444596
26569 0.000000771157431
32761 0.000000798792027
39601 0.000000808097642
52441 0.000000817837553
63001 0.000000818471648
73441 0.000000800301380
85849 0.000000826304684
100489 0.000000825219015
121801 0.000000828445464
139129 0.000000001318208
157609 0.000000822454408
177241 0.000000001068988
196249 0.000000815219365
214369 0.000000000753787
241081 0.000000809250836
271441 0.000000000475128
310249 0.000000827599038
332929 0.000000000349409
361201 0.000000000345661
383161 0.000000793151843
418609 0.000000000312960
452929 0.000000000245156
491401 0.000000831858791
537289 0.000000000184485
573049 0.000000000190394
619369 0.000000831028610
674041 0.000000000096026
703921 0.000000000123889
744769 0.000000813876909
786769 0.000000000099304
863041 0.000000000085207
908209 0.000000813426550
966289 0.000000000092663
1026169 0.000000000094685
1067089 0.000000000063185
1125721 0.000000822898685
1190281 0.000000000056464
1229881 0.000000000058916
1324801 0.000000000063418
1394761 0.000000820697530
1471369 0.000000000046231
