4 0.087500000000000
9 0.078888888888889
25 0.079200000000000
49 0.077142857142857
121 0.079256198347107
169 0.079585798816568
289 0.079965397923875
361 0.079390581717452
529 0.079546313799622
841 0.079548156956005
961 0.079625390218522
1369 0.077925493060628
1681 0.076234384295062
1849 0.078361276365603
2209 0.077283838841105
2809 0.077091491634033
3481 0.076156276931916
3721 0.075428648212846
4489 0.075702829137893
5041 0.074774846260663
5329 0.074552448864703
6241 0.074196442877744
10201 0.073359474561318
12769 0.070875557992012
19321 0.070940427514104
26569 0.070795664119839
32761 0.070849485668936
39601 0.070822453978435
52441 0.070800137297153
63001 0.070843796130220
73441 0.070859465421222
85849 0.070844739018509
100489 0.070845465672860
121801 0.070820682917217
139129 0.072429615680412
157609 0.070864988674505
177241 0.072371968111216
196249 0.070841023393750
214369 0.072141867527488
241081 0.070838805214845
271441 0.072352187031436
310249 0.070841743244942
332929 0.072060499385755
361201 0.072587755847852
383161 0.070862248506502
418609 0.072162399757291
452929 0.072691878859600
491401 0.070838907531731
537289 0.072190701838303
573049 0.072602447609192
619369 0.070838288645379
674041 0.072143608474855
703921 0.072379357910902
744769 0.070842690820912
786769 0.071979856857604
863041 0.072561778640876
908209 0.070842636441612
966289 0.072029517049247
1026169 0.072402723138197
1067089 0.072635693929935
1125721 0.070843112991585
1190281 0.072001258526348
1229881 0.072177763539725
1324801 0.072671548406138
1394761 0.070846008742716
1471369 0.071965530060780
