4 0.020000000000000
9 0.016666666666667
25 0.017600000000000
49 0.016122448979592
121 0.015702479338843
169 0.015502958579882
289 0.016816608996540
361 0.016814404432133
529 0.016465028355388
841 0.016753864447087
961 0.016992715920916
1369 0.017238860482104
1681 0.016775728732897
1849 0.017009194159005
2209 0.017098234495247
2809 0.016575293698825
3481 0.016765297328354
3721 0.016955119591508
4489 0.016921363332591
5041 0.016752628446737
5329 0.016909363858135
6241 0.016681621535010
10201 0.016793451622390
12769 0.016937113321325
19321 0.016871797526008
26569 0.016659640934924
32761 0.016883184273984
39601 0.016948309386127
52441 0.016952956656052
63001 0.016860208568118
73441 0.016784629838918
85849 0.016865542988270
100489 0.016837066743624
121801 0.016880485381893
139129 0.016852201913332
157609 0.016936723156673
177241 0.016898629549596
196249 0.016906582963480
214369 0.016869370104819
241081 0.016907844251517
271441 0.016908094208318
310249 0.016891335669092
332929 0.016901861958556
361201 0.016890484799322
383161 0.016880240943102
418609 0.016911150978598
452929 0.016916602822959
491401 0.016896526462095
537289 0.016893068720930
573049 0.016861263172957
619369 0.016907626955821
674041 0.016853425830179
703921 0.016876354022682
744769 0.016856031870285
786769 0.016875766584601
863041 0.016878097332572
908209 0.016875509932185
966289 0.016910541256291
1026169 0.016894790234357
1067089 0.016873091185459
1125721 0.016903424560793
1190281 0.016894699654955
1229881 0.016908294379700
1324801 0.016880271074675
1394761 0.016890642913015
1471369 0.016877554168941
