4 0.004600000000000
9 0.001574074074074
25 0.000554240000000
49 0.000252353186172
121 0.000112697220135
169 0.000067070480725
289 0.000049333700506
361 0.000032420715004
529 0.000027679646656
841 0.000015159321401
961 0.000018777158289
1369 0.000011759928843
1681 0.000009830980044
1849 0.000008864950022
2209 0.000005885036337
2809 0.000005202014934
3481 0.000003468610038
3721 0.000003972449200
4489 0.000002950624930
5041 0.000003585260652
5329 0.000002483178448
6241 0.000002506744466
10201 0.000000922866903
12769 0.000000963873926
19321 0.000000561690370
26569 0.000000553402169
32761 0.000000334783892
39601 0.000000388780678
52441 0.000000264703135
63001 0.000000254395023
73441 0.000000194382489
85849 0.000000182934682
100489 0.000000122068887
121801 0.000000123482082
139129 0.000000102640159
157609 0.000000088804452
177241 0.000000072042602
196249 0.000000077288142
214369 0.000000083285708
241081 0.000000064717675
271441 0.000000045048286
310249 0.000000045369227
332929 0.000000037759299
361201 0.000000025258966
383161 0.000000035792544
418609 0.000000037363145
452929 0.000000030252696
491401 0.000000025194370
537289 0.000000024255928
573049 0.000000023279801
619369 0.000000022926081
674041 0.000000018911289
703921 0.000000021058517
744769 0.000000023964244
786769 0.000000014810598
863041 0.000000019279489
908209 0.000000017631718
966289 0.000000015597605
1026169 0.000000012654352
1067089 0.000000014167577
1125721 0.000000011103092
1190281 0.000000014451000
1229881 0.000000013750611
1324801 0.000000011216458
1394761 0.000000009619186
1471369 0.000000007286805
