0 -nan
4 0.020000000000000
9 0.015555555555556
25 0.016000000000000
49 0.014897959183673
121 0.017520661157025
169 0.016863905325444
289 0.016989619377163
361 0.017590027700831
529 0.016219281663516
625 0.017120000000000
841 0.017158145065398
961 0.016909469302810
1369 0.017363038714390
1681 0.017305175490779
1849 0.016787452677123
2209 0.016749660479855
2500 0.017052000000000
2809 0.016664293342827
3481 0.016587187589773
3721 0.016707874227358
4489 0.017099576743150
5041 0.017103749256100
5329 0.016905610808782
5625 0.016878222222222
6241 0.017011696843455
10000 0.016911000000000
15625 0.016951680000000
17161 0.016747275799779
22500 0.016848000000000
30625 0.016878693877551
32761 0.016899362046336
40000 0.016913250000000
50625 0.016911209876543
57121 0.016821484217713
62500 0.016932640000000
75625 0.016846942148760
85849 0.016943586995772
90000 0.016900000000000
105625 0.016878295857988
122500 0.016942612244898
128881 0.016889068210209
140625 0.016933688888889
160000 0.016889125000000
177241 0.016883678155731
180625 0.016877896193772
202500 0.016853679012346
225625 0.016913994459834
229441 0.016864858503929
250000 0.016942000000000
275625 0.016906485260771
302500 0.016870545454545
310249 0.016871641810288
330625 0.016872408317580
360000 0.016891583333333
375769 0.016857856821611
390625 0.016876800000000
422500 0.016890201183432
452929 0.016901236176089
455625 0.016879648834019
490000 0.016874591836735
525625 0.016851500594530
552049 0.016897376863286
562500 0.016877226666667
600625 0.016917177939646
640000 0.016880828125000
674041 0.016875308772018
680625 0.016886846648301
722500 0.016896498269896
765625 0.016894027755102
776161 0.016895218904325
810000 0.016877135802469
855625 0.016896724616508
902500 0.016881074792244
908209 0.016889735732634
950625 0.016880157790927
1000000 0.016891280000000
1042441 0.016888399439393
1050625 0.016889822724569
1102500 0.016904489795918
1155625 0.016902368848026
1190281 0.016878358975738
1210000 0.016904305785124
1265625 0.016884353580247
1322500 0.016888098298677
1352569 0.016886524827939
1380625 0.016888517881394
1440000 0.016882034722222
