0 -nan
4 0.004600000000000
9 0.001486419753086
25 0.000544000000000
49 0.000215368596418
121 0.000141083259340
169 0.000089895311789
289 0.000044801906107
361 0.000036429278474
529 0.000020381573822
625 0.000019686400000
841 0.000012194728828
961 0.000014517807391
1369 0.000007084289984
1681 0.000008409026807
1849 0.000004872585447
2209 0.000006750441269
2500 0.000004949296000
2809 0.000004267661249
3481 0.000003016531405
3721 0.000003127372328
4489 0.000002400978090
5041 0.000001813008750
5329 0.000001922721200
5625 0.000002791234370
6241 0.000002032373180
10000 0.000001113779000
15625 0.000000756994458
17161 0.000000767334671
22500 0.000000484886123
30625 0.000000451611189
32761 0.000000370666781
40000 0.000000281818188
50625 0.000000239258396
57121 0.000000216537492
62500 0.000000200382950
75625 0.000000200104802
85849 0.000000133044117
90000 0.000000118837037
105625 0.000000131299120
122500 0.000000091822347
128881 0.000000069365198
140625 0.000000070505308
160000 0.000000083923922
177241 0.000000084183430
180625 0.000000049965535
202500 0.000000056580963
225625 0.000000042527096
229441 0.000000057098191
250000 0.000000051924320
275625 0.000000040932772
302500 0.000000045143631
310249 0.000000055337310
330625 0.000000036347098
360000 0.000000041893280
375769 0.000000028294604
390625 0.000000036087464
422500 0.000000025691414
452929 0.000000025342780
455625 0.000000028875795
490000 0.000000022662922
525625 0.000000024154863
552049 0.000000022716862
562500 0.000000020854665
600625 0.000000018268603
640000 0.000000026231975
674041 0.000000014832894
680625 0.000000014783318
722500 0.000000017879597
765625 0.000000019239992
776161 0.000000016975568
810000 0.000000018387943
855625 0.000000013790456
902500 0.000000011896706
908209 0.000000013833825
950625 0.000000014073653
1000000 0.000000010766042
1042441 0.000000014250587
1050625 0.000000010611720
1102500 0.000000013237168
1155625 0.000000012564678
1190281 0.000000010256401
1210000 0.000000007917674
1265625 0.000000007308930
1322500 0.000000011475574
1352569 0.000000008407256
1380625 0.000000010160143
1440000 0.000000010251607
