4 0.005625000000000
9 0.001741975308642
25 0.000815360000000
49 0.000413619325281
121 0.000122259408510
169 0.000108735688526
289 0.000070540343147
361 0.000046841261194
529 0.000026159140369
841 0.000016662542893
961 0.000013819285106
1369 0.000012114007281
1681 0.000011561487330
1849 0.000009941350784
2209 0.000007133150712
2809 0.000004984284228
3481 0.000004753543284
3721 0.000004944849504
4489 0.000003229100753
5041 0.000002794919392
5329 0.000003345784691
6241 0.000002956797445
10201 0.000002101794707
12769 0.000001403258529
19321 0.000000885120489
26569 0.000000553068983
32761 0.000000498553541
39601 0.000000366200768
52441 0.000000290767453
63001 0.000000248554064
73441 0.000000209122679
85849 0.000000207641717
100489 0.000000142056728
121801 0.000000172770445
139129 0.000000117069495
157609 0.000000127078665
177241 0.000000098241897
196249 0.000000076642135
214369 0.000000107490503
241081 0.000000065418973
271441 0.000000055621856
310249 0.000000053727818
332929 0.000000051212929
361201 0.000000039634403
383161 0.000000052654436
418609 0.000000038780314
452929 0.000000030944920
491401 0.000000027568483
537289 0.000000033095337
573049 0.000000028493815
619369 0.000000032353892
674041 0.000000027107735
703921 0.000000023050630
744769 0.000000023115000
786769 0.000000020345703
863041 0.000000022159837
908209 0.000000016636674
966289 0.000000018120686
1026169 0.000000013328830
1067089 0.000000016856413
1125721 0.000000014047607
1190281 0.000000013932074
1229881 0.000000012073750
1324801 0.000000010484283
1394761 0.000000010606902
1471369 0.000000010028344
