4 0.072500000000000
9 0.063333333333333
25 0.081200000000000
49 0.079591836734694
121 0.078760330578512
169 0.077928994082840
289 0.079619377162630
361 0.079030470914127
529 0.077051039697543
841 0.077514863258026
961 0.077211238293444
1369 0.077180423666910
1681 0.076418798334325
1849 0.075835586803678
2209 0.076256224535989
2809 0.076521893912424
3481 0.076569951163459
3721 0.077102929320075
4489 0.076382267765649
5041 0.076451100972029
5329 0.076072433852505
6241 0.075183464188431
10201 0.076462111557690
12769 0.076959041428460
19321 0.077545158118110
26569 0.077987880612744
32761 0.078558652055798
39601 0.077633645615010
52441 0.077648404874049
63001 0.077327344010412
73441 0.077366457428412
85849 0.077478829106920
100489 0.077444098359024
121801 0.077578427106510
139129 0.077294237721827
157609 0.077632495606215
177241 0.077278112851993
196249 0.077450993380858
214369 0.077332216878373
241081 0.077524400512691
271441 0.077351284441186
310249 0.077465777488404
332929 0.077388031682431
361201 0.077421767935305
383161 0.077494577997239
418609 0.077409969685315
452929 0.077374047588033
491401 0.077515410021551
537289 0.077443014839314
573049 0.077359318313094
619369 0.077546842027935
674041 0.077345858783071
703921 0.077389721289747
744769 0.077481192154883
786769 0.077398346909957
863041 0.077369360204208
908209 0.077487142276723
966289 0.077394868408934
1026169 0.077335935893600
1067089 0.077303074064113
1125721 0.077499993337603
1190281 0.077407360110764
1229881 0.077366899724445
1324801 0.077343404783058
1394761 0.077462131504968
1471369 0.077373296569385
4 0.025000000000000
9 0.018888888888889
25 0.019200000000000
49 0.017755102040816
121 0.015702479338843
169 0.017041420118343
289 0.018062283737024
361 0.017562326869806
529 0.017277882797732
841 0.016135552913199
961 0.016899063475546
1369 0.016493791088386
1681 0.017430101130280
1849 0.016468361276366
2209 0.016410140334993
2809 0.016895692417230
3481 0.016908934214306
3721 0.016629938188659
4489 0.016596123858320
5041 0.016746677246578
5329 0.017106398949146
6241 0.016688030764301
10201 0.016966964023135
12769 0.016706085049730
19321 0.016979452409296
26569 0.016828258496744
32761 0.016955221147096
39601 0.016884422110553
52441 0.016962872561545
63001 0.016987666862431
73441 0.016848899116297
85849 0.016951857330895
100489 0.016955487665317
121801 0.016864639863384
139129 0.016893674216015
157609 0.016883490156019
177241 0.016841193629014
196249 0.016876468160347
214369 0.016850803987517
241081 0.016874784823358
271441 0.016859501696501
310249 0.016870868238093
332929 0.016874558839873
361201 0.016875534674599
383161 0.016853802970553
418609 0.016886856230994
452929 0.016900838762808
491401 0.016909591148573
537289 0.016857482658309
573049 0.016865555999574
619369 0.016867473186420
674041 0.016885055953570
703921 0.016909184411319
744769 0.016901159956980
786769 0.016888908942777
863041 0.016892766392327
908209 0.016890726693966
966289 0.016879308364268
1026169 0.016898542053015
1067089 0.016889790823446
1125721 0.016879813026496
1190281 0.016858598935882
1229881 0.016881112888157
1324801 0.016859762334117
1394761 0.016880619690399
1471369 0.016882597091552
