0 -nan
4 0.012500000000000
9 0.021111111111111
25 0.015600000000000
49 0.016938775510204
121 0.017933884297521
169 0.017455621301775
289 0.016643598615917
361 0.016786703601108
529 0.016843100189036
625 0.016960000000000
841 0.017217598097503
961 0.017034339229969
1369 0.016815193571950
1681 0.016853063652588
1849 0.017047052460790
2209 0.016935264825713
2500 0.016864000000000
2809 0.016771092915628
3481 0.016811261131859
3721 0.016877183552808
4489 0.016805524615727
5041 0.016758579646895
5329 0.016869956839932
5625 0.016872888888889
6241 0.016933183784650
10000 0.016923000000000
15625 0.016913280000000
17161 0.016923838937125
22500 0.016900888888889
30625 0.016897959183673
32761 0.016877079454229
40000 0.016879000000000
50625 0.016897382716049
57121 0.016881006985172
62500 0.016882720000000
75625 0.016882247933884
85849 0.016888140805368
90000 0.016900777777778
105625 0.016876781065089
122500 0.016889469387755
128881 0.016886274935793
140625 0.016892871111111
160000 0.016886625000000
177241 0.016889884394694
180625 0.016888581314879
202500 0.016884740740741
225625 0.016887623268698
229441 0.016878543939401
250000 0.016887200000000
275625 0.016889070294785
302500 0.016889157024793
310249 0.016887016557668
330625 0.016880756143667
360000 0.016888416666667
375769 0.016881541585389
390625 0.016884889600000
422500 0.016887029585799
452929 0.016883153871799
455625 0.016887506172840
490000 0.016888387755102
525625 0.016885422116528
552049 0.016882957853379
562500 0.016885902222222
600625 0.016886077003122
640000 0.016886968750000
674041 0.016885723568744
680625 0.016885083562902
722500 0.016888179930796
765625 0.016888594285714
776161 0.016887733343984
810000 0.016887728395062
855625 0.016887316289262
902500 0.016886670360111
908209 0.016888304344044
950625 0.016886595660750
1000000 0.016888760000000
1042441 0.016888466589476
1050625 0.016884568709102
1102500 0.016886321995465
1155625 0.016887000540833
1190281 0.016885987426498
1210000 0.016886603305785
1265625 0.016886565925926
1322500 0.016885935727788
1352569 0.016888365769140
1380625 0.016886692621096
1440000 0.016885805555556
