0 -nan
4 0.002968750000000
9 0.001900000000000
25 0.000444640000000
49 0.000183715118701
121 0.000039689911891
169 0.000034575119919
289 0.000012139461932
361 0.000010101211624
529 0.000004938161313
625 0.000003020800000
841 0.000003519958828
961 0.000002071528422
1369 0.000001120287958
1681 0.000001083283406
1849 0.000001184508838
2209 0.000000984060229
2500 0.000000837504000
2809 0.000000767747872
3481 0.000000472842230
3721 0.000000465121620
4489 0.000000465800389
5041 0.000000249869342
5329 0.000000264452999
5625 0.000000242785975
6241 0.000000169899518
10000 0.000000122171000
15625 0.000000051597722
17161 0.000000056587791
22500 0.000000047599210
30625 0.000000033681966
32761 0.000000036637025
40000 0.000000021909000
50625 0.000000012581536
57121 0.000000008781514
62500 0.000000007480602
75625 0.000000006099098
85849 0.000000007166993
90000 0.000000006373469
105625 0.000000005553455
122500 0.000000002624133
128881 0.000000002702996
140625 0.000000002415447
160000 0.000000002722672
177241 0.000000002358271
180625 0.000000001773772
202500 0.000000001607911
225625 0.000000001839389
229441 0.000000002011906
250000 0.000000001429760
275625 0.000000001283778
302500 0.000000001224715
310249 0.000000001260281
330625 0.000000001013604
360000 0.000000001009268
375769 0.000000001035439
390625 0.000000000786592
422500 0.000000000965776
452929 0.000000000618457
455625 0.000000000791030
490000 0.000000000532669
525625 0.000000000737508
552049 0.000000000519532
562500 0.000000000530260
600625 0.000000000392848
640000 0.000000000418663
674041 0.000000000380738
680625 0.000000000388692
722500 0.000000000306904
765625 0.000000000320858
776161 0.000000000207229
810000 0.000000000196641
855625 0.000000000246370
902500 0.000000000184371
908209 0.000000000154063
950625 0.000000000137821
1000000 0.000000000131262
1042441 0.000000000108106
1050625 0.000000000087739
1102500 0.000000000084246
1155625 0.000000000129736
1190281 0.000000000107205
1210000 0.000000000117059
1265625 0.000000000105678
1322500 0.000000000112594
1352569 0.000000000136423
1380625 0.000000000113620
1440000 0.000000000120740
