0 -nan
4 0.020000000000000
9 0.015555555555556
25 0.019600000000000
49 0.017346938775510
121 0.016776859504132
169 0.017159763313609
289 0.016366782006920
361 0.017479224376731
529 0.016635160680529
625 0.016816000000000
841 0.017015457788347
961 0.017117585848075
1369 0.017348429510592
1681 0.016853063652588
1849 0.016798269334776
2209 0.016867360796741
2500 0.016888000000000
2809 0.016824492702029
3481 0.016940534329216
3721 0.016928245095404
4489 0.016830028959679
5041 0.016871652449911
5329 0.016898104710077
5625 0.016892444444444
6241 0.016880307643006
10000 0.016852000000000
15625 0.016883200000000
17161 0.016933745119748
22500 0.016915111111111
30625 0.016905469387755
32761 0.016908824516956
40000 0.016852000000000
50625 0.016865975308642
57121 0.016880306717319
62500 0.016873920000000
75625 0.016881454545455
85849 0.016900255099069
90000 0.016882222222222
105625 0.016875739644970
122500 0.016887346938776
128881 0.016886197344837
140625 0.016879857777778
160000 0.016881312500000
177241 0.016882719009710
180625 0.016883764705882
202500 0.016882222222222
225625 0.016897905817175
229441 0.016898156824630
250000 0.016893520000000
275625 0.016895600907029
302500 0.016887636363636
310249 0.016886726468095
330625 0.016885172022684
360000 0.016886444444444
375769 0.016883936673861
390625 0.016882176000000
422500 0.016884520710059
452929 0.016884279876095
455625 0.016888998628258
490000 0.016882428571429
525625 0.016888580261593
552049 0.016887522665560
562500 0.016890613333333
600625 0.016887225806452
640000 0.016886281250000
674041 0.016886999455523
680625 0.016892385674931
722500 0.016885010380623
765625 0.016886569795918
776161 0.016887424129788
810000 0.016883246913580
855625 0.016885154127100
902500 0.016886925207756
908209 0.016884703851206
950625 0.016886995397765
1000000 0.016888240000000
1042441 0.016888658446857
1050625 0.016889165972635
1102500 0.016886530612245
1155625 0.016882535424554
1190281 0.016887608892354
1210000 0.016885396694215
1265625 0.016888043456790
1322500 0.016887742911153
1352569 0.016883774506143
1380625 0.016885526482571
1440000 0.016885000000000
