0 -nan
4 0.004600000000000
9 0.001486419753086
25 0.000559840000000
49 0.000144731361933
121 0.000037504268834
169 0.000033262140681
289 0.000015290765197
361 0.000013151372381
529 0.000009576866864
625 0.000005759744000
841 0.000003299820015
961 0.000002108777169
1369 0.000002245004565
1681 0.000001656580298
1849 0.000001426348009
2209 0.000000826365494
2500 0.000000961856000
2809 0.000000579483051
3481 0.000000527268272
3721 0.000000507726472
4489 0.000000435087457
5041 0.000000293073882
5329 0.000000343243090
5625 0.000000356491062
6241 0.000000267200985
10000 0.000000126496000
15625 0.000000054558720
17161 0.000000086247901
22500 0.000000067559309
30625 0.000000054182331
32761 0.000000075327282
40000 0.000000035771000
50625 0.000000023931727
57121 0.000000014990643
62500 0.000000018789274
75625 0.000000012771919
85849 0.000000012853792
90000 0.000000016476543
105625 0.000000011258765
122500 0.000000009426072
128881 0.000000011202312
140625 0.000000008587294
160000 0.000000006551168
177241 0.000000004701475
180625 0.000000003710395
202500 0.000000003728395
225625 0.000000003742182
229441 0.000000003458627
250000 0.000000002662010
275625 0.000000002303402
302500 0.000000002778716
310249 0.000000001955670
330625 0.000000001788118
360000 0.000000003016556
375769 0.000000003121113
390625 0.000000002552103
422500 0.000000002191105
452929 0.000000001948067
455625 0.000000002097494
490000 0.000000002110529
525625 0.000000001966386
552049 0.000000001344517
562500 0.000000001531920
600625 0.000000001306160
640000 0.000000001213163
674041 0.000000001143283
680625 0.000000001111096
722500 0.000000000762565
765625 0.000000000529856
776161 0.000000000443325
810000 0.000000000490787
855625 0.000000000474680
902500 0.000000000501024
908209 0.000000000563664
950625 0.000000000305083
1000000 0.000000000366082
1042441 0.000000000285976
1050625 0.000000000245248
1102500 0.000000000297209
1155625 0.000000000420635
1190281 0.000000000499743
1210000 0.000000000286921
1265625 0.000000000316983
1322500 0.000000000276179
1352569 0.000000000297090
1380625 0.000000000355183
1440000 0.000000000341223
