4 0.026074488188078
9 0.004319186039394
25 0.000287116190663
49 0.000283162074764
121 0.000046045900286
169 0.000016427550740
289 0.000000014524934
361 0.000002341680556
529 0.000003159461351
841 0.000000906126643
961 0.000000374717219
1369 0.000000267635398
1681 0.000000075464400
1849 0.000000198743935
2209 0.000000052550249
2809 0.000000043574510
3481 0.000000008095614
3721 0.000000044709389
4489 0.000000013115748
5041 0.000000026484723
5329 0.000000026907214
6241 0.000000018944043
10201 0.000000001422040
12769 0.000000004944737
19321 0.000000000538629
26569 0.000000000580481
32761 0.000000000302980
39601 0.000000000500967
52441 0.000000000235762
63001 0.000000000092850
73441 0.000000000000001
85849 0.000000000093820
100489 0.000000000056441
121801 0.000000000052931
139129 0.000000000016041
157609 0.000000000030073
177241 0.000000000022729
196249 0.000000000000258
214369 0.000000000011755
241081 0.000000000012557
271441 0.000000000008755
310249 0.000000000005713
332929 0.000000000006081
361201 0.000000000003131
383161 0.000000000000868
418609 0.000000000003937
452929 0.000000000002086
491401 0.000000000001861
537289 0.000000000002653
573049 0.000000000001891
619369 0.000000000001265
674041 0.000000000000603
703921 0.000000000000040
744769 0.000000000001430
786769 0.000000000000936
863041 0.000000000000978
908209 0.000000000000257
966289 0.000000000000662
1026169 0.000000000000532
1067089 0.000000000000117
1125721 0.000000000000365
1190281 0.000000000000359
1229881 0.000000000000464
1324801 0.000000000000300
1394761 0.000000000000180
1471369 0.000000000000266
