8 1.981060280778819
27 1.981625755286876
125 1.977202843035640
343 1.977548466118285
1331 1.977389007297822
2197 1.977423558798823
4913 1.977472860830788
6859 1.977458656453589
12167 1.977461582678025
24389 1.977467723859426
29791 1.977466851005700
50653 1.977463415596475
68921 1.977463421415563
79507 1.977465678463870
103823 1.977465198138425
148877 1.977464677139577
205379 1.977465520219872
226981 1.977464394064236
300763 1.977464799952523
357911 1.977464859856891
389017 1.977464826863350
493039 1.977464699936022
704969 1.977464933768574
1030301 1.977464885438194
1225043 1.977464744670489
1442897 1.977464843489468
