8 0.014011240650897
27 0.001092404239963
125 0.000030760545885
343 0.000003854784107
1331 0.000000383929059
2197 0.000000131753036
4913 0.000000015628892
6859 0.000000012040032
12167 0.000000002447778
24389 0.000000000987864
29791 0.000000000667932
50653 0.000000000225693
68921 0.000000000100709
79507 0.000000000038636
103823 0.000000000025032
148877 0.000000000001733
205379 0.000000000011160
226981 0.000000000011767
300763 0.000000000004313
357911 0.000000000006202
389017 0.000000000000748
493039 0.000000000001687
704969 0.000000000001178
1030301 0.000000000000036
1225043 0.000000000000417
1442897 0.000000000000343
