4 1.967637160767375
9 1.982100331822506
25 1.976099727211903
49 1.976618990917457
121 1.977830280209161
169 1.977653275256754
289 1.977547840228374
361 1.977225469463041
529 1.977618545220102
841 1.977457664345818
961 1.977337943216581
1369 1.977488067167776
1681 1.977479717521970
1849 1.977430011916659
2209 1.977438024904744
2809 1.977473133577108
3481 1.977464735837550
3721 1.977439687438285
4489 1.977482689572007
5041 1.977430955084375
5329 1.977481566909215
6241 1.977459061050722
10201 1.977459143295383
12769 1.977461981605497
19321 1.977463471127932
26569 1.977463105620689
32761 1.977461457718452
39601 1.977467873015770
52441 1.977464700516478
63001 1.977465096692245
73441 1.977464978286448
85849 1.977465106679399
100489 1.977465460680280
121801 1.977465179361510
139129 1.977464481176987
157609 1.977464457866122
177241 1.977464843256503
196249 1.977464826778802
214369 1.977465220967737
241081 1.977465174316852
271441 1.977464860741258
310249 1.977464599284318
332929 1.977464570215961
361201 1.977464808639204
383161 1.977464951605983
418609 1.977464711324941
452929 1.977464861328545
491401 1.977464993794574
537289 1.977464994312528
573049 1.977465150512573
619369 1.977464994600656
674041 1.977464752066857
703921 1.977464800682705
744769 1.977464712718596
786769 1.977464787872482
863041 1.977464936540767
908209 1.977464862009290
966289 1.977464917358203
1026169 1.977464758342472
1067089 1.977464768920696
1125721 1.977464864606165
1190281 1.977464754603884
1229881 1.977464761451173
1324801 1.977464846906546
1394761 1.977464739333255
1471369 1.977464858701453
