8 1.975613798030740
27 1.977534797085979
125 1.977577761513567
343 1.977642012276919
1331 1.977478510428970
2197 1.977459858233778
4913 1.977487457470017
6859 1.977483526096293
12167 1.977465691489601
24389 1.977465261245382
29791 1.977464514673762
50653 1.977468548477401
68921 1.977462839846529
79507 1.977465173828910
103823 1.977465196805290
148877 1.977464946553908
205379 1.977465373712024
226981 1.977465363571661
300763 1.977465199076460
357911 1.977464385321483
389017 1.977464955143509
493039 1.977464720312883
704969 1.977464735117590
1030301 1.977464856306770
1225043 1.977464997689330
1442897 1.977464808811706
8 1.974117726855422
27 1.980584370058295
125 1.977345882603600
343 1.977612123714675
1331 1.977502082452004
2197 1.977505598187345
4913 1.977466743330249
6859 1.977430963842532
12167 1.977460768183352
24389 1.977467293844378
29791 1.977465178826015
50653 1.977463225466759
68921 1.977465743485926
79507 1.977465299413250
103823 1.977465101213486
148877 1.977464744509220
205379 1.977464643072518
226981 1.977465011144296
300763 1.977464999574109
357911 1.977465111369124
389017 1.977464826982621
493039 1.977464618906236
704969 1.977464877010727
1030301 1.977464846555867
1225043 1.977464793594532
1442897 1.977464850393133
8 1.974117726855422
27 1.980584370058295
125 1.977345882603600
343 1.977612123714675
1331 1.977502082452004
2197 1.977505598187345
4913 1.977466743330249
6859 1.977430963842532
12167 1.977460768183352
24389 1.977467293844378
29791 1.977465178826015
50653 1.977463225466759
68921 1.977465743485926
8 1.974117726855422
27 1.980584370058295
125 1.977345882603600
343 1.977612123714675
1331 1.977502082452004
2197 1.977505598187345
4913 1.977466743330249
6859 1.977430963842532
12167 1.977460768183352
24389 1.977467293844378
29791 1.977465178826015
50653 1.977463225466759
68921 1.977465743485926
79507 1.977465299413250
103823 1.977465101213486
148877 1.977464744509220
205379 1.977464643072518
226981 1.977465011144296
300763 1.977464999574109
357911 1.977465111369124
389017 1.977464826982621
493039 1.977464618906236
704969 1.977464877010727
1030301 1.977464846555867
1225043 1.977464793594532
1442897 1.977464850393133
8 1.974117726855422
27 1.980584370058295
125 1.977345882603600
343 1.977612123714675
1331 1.977502082452004
2197 1.977505598187345
4913 1.977466743330249
6859 1.977430963842532
12167 1.977460768183352
24389 1.977467293844378
29791 1.977465178826015
50653 1.977463225466759
8 1.974117726855422
27 1.980584370058295
125 1.977345882603600
343 1.977612123714675
1331 1.977502082452004
2197 1.977505598187345
4913 1.977466743330249
6859 1.977430963842532
12167 1.977460768183352
24389 1.977467293844378
8 1.962966812277464
27 1.981581441284002
125 1.977979904007336
343 1.977058644893994
1331 1.977523773105467
2197 1.977459881743153
4913 1.977444582256034
6859 1.977445572260603
12167 1.977456646069266
24389 1.977464036088597
29791 1.977462831612006
50653 1.977463419627425
68921 1.977464583619384
79507 1.977465550625683
103823 1.977464617824892
148877 1.977464609722336
205379 1.977465277048257
226981 1.977464702577050
300763 1.977464634082451
357911 1.977464636271611
389017 1.977464852503788
493039 1.977464700171148
704969 1.977464976245224
1030301 1.977464846646848
1225043 1.977464826281956
1442897 1.977464850422106
