8 0.008908301654445
27 0.001052238834929
125 0.000030203063893
343 0.000002704891484
1331 0.000000349054370
2197 0.000000146756415
4913 0.000000017770992
6859 0.000000010131463
12167 0.000000002219456
24389 0.000000000944307
29791 0.000000000616896
50653 0.000000000295850
68921 0.000000000116607
79507 0.000000000045470
103823 0.000000000034348
148877 0.000000000001313
205379 0.000000000010948
226981 0.000000000010109
300763 0.000000000004062
357911 0.000000000005483
389017 0.000000000000698
493039 0.000000000001605
704969 0.000000000001291
1030301 0.000000000000000
1225043 0.000000000000505
1442897 0.000000000000279
