4 2.327854015486527
9 2.317849502891124
25 2.316135519900466
49 2.314997475039281
121 2.320591869831053
169 2.318045015498543
289 2.318718492595929
361 17465385568770220144277323776.000000000000000
529 3613498022967402626243919299477504.000000000000000
841 23975656945818821182515929103204352.000000000000000
961 79239850441868651099128541332111360.000000000000000
1369 194413125965381634851177704026275840.000000000000000
1681 -nan
1849 -nan
2209 -nan
2809 -nan
3481 -nan
3721 -nan
4489 -nan
5041 -nan
5329 -nan
6241 -nan
10201 -nan
12769 nan
19321 -nan
26569 nan
32761 -nan
39601 nan
52441 nan
63001 nan
73441 -nan
85849 nan
100489 -nan
121801 nan
139129 nan
157609 nan
177241 nan
196249 -nan
214369 -nan
241081 -nan
271441 -nan
310249 -nan
332929 -nan
361201 -nan
383161 nan
418609 nan
452929 nan
491401 nan
537289 nan
573049 nan
619369 -nan
674041 -nan
703921 -nan
744769 nan
786769 nan
863041 nan
908209 nan
966289 nan
1026169 nan
1067089 nan
1125721 nan
1190281 nan
1229881 nan
1324801 nan
1394761 -nan
1471369 -nan
