4 0.061505054112359
9 0.007870160914041
25 0.003824911911178
49 0.000910264614568
121 0.000299075589568
169 0.000100910257617
289 0.000106429403299
361 71275965127230693308366848.000000000000000
529 731230438652764089604561623486300160.000000000000000
841 61825092707049094232773619263320621056.000000000000000
961 408573269383408009348125480616428830720.000000000000000
1369 6670274890338957057957139339618243575808.000000000000000
1681 -nan
1849 -nan
2209 -nan
2809 -nan
3481 -nan
3721 -nan
4489 -nan
5041 -nan
5329 -nan
6241 -nan
10201 -nan
12769 nan
19321 -nan
26569 nan
32761 -nan
39601 nan
52441 nan
63001 nan
73441 -nan
85849 nan
100489 -nan
121801 nan
139129 nan
157609 nan
177241 nan
196249 -nan
214369 -nan
241081 -nan
271441 -nan
310249 -nan
332929 -nan
361201 -nan
383161 nan
418609 nan
452929 nan
491401 nan
537289 nan
573049 nan
619369 -nan
674041 -nan
703921 -nan
744769 nan
786769 nan
863041 nan
908209 nan
966289 nan
1026169 nan
1067089 nan
1125721 nan
1190281 nan
1229881 nan
1324801 nan
1394761 -nan
1471369 -nan
