4 1.981481293214765
9 1.986975441771708
25 1.977723770479878
49 1.976657839636443
121 1.977348935728462
169 1.977090573033006
289 1.977409409546281
361 1.977189981001425
529 1.977576286905573
841 1.977407856926583
961 1.977457080046258
1369 1.977509160828768
1681 1.977430891799257
1849 1.977521990267973
2209 1.977456385813606
2809 1.977497909007721
3481 1.977453269465780
3721 1.977436838210409
4489 1.977471605431065
5041 1.977500461202717
5329 1.977460880871004
6241 1.977455843427777
10201 1.977464152817140
12769 1.977469049936765
19321 1.977463986767303
26569 1.977464576661392
32761 1.977465409674002
39601 1.977465610302795
52441 1.977466619635226
63001 1.977464294684406
73441 1.977464984675789
85849 1.977463824216738
100489 1.977465062961218
121801 1.977464934216410
139129 1.977464984685342
157609 1.977464455726252
177241 1.977465689576111
196249 1.977464878214993
214369 1.977465268256910
241081 1.977465007505592
271441 1.977465229076658
310249 1.977464791903966
332929 1.977464630365875
361201 1.977464946631947
383161 1.977465056756319
418609 1.977464472264669
452929 1.977464618985794
491401 1.977464973402631
537289 1.977464845366002
573049 1.977464696959357
619369 1.977464865454227
674041 1.977464826180786
703921 1.977464814841282
744769 1.977464900640624
786769 1.977464800677039
863041 1.977464855393338
908209 1.977464774008186
966289 1.977464762065003
1026169 1.977464807086712
1067089 1.977464843943520
1125721 1.977464882417166
1190281 1.977464855450939
1229881 1.977464891550019
1324801 1.977464831872142
1394761 1.977464767990111
1471369 1.977464838261317
