4 0.030741322136054
9 0.004322178925256
25 0.000185122205050
49 0.000344085219341
121 0.000045083055711
169 0.000016642406649
289 0.000000479307831
361 0.000002892173880
529 0.000002341915921
841 0.000000826867595
961 0.000000298794093
1369 0.000000228533693
1681 0.000000065747915
1849 0.000000220776423
2209 0.000000086501653
2809 0.000000059429479
3481 0.000000005384883
3721 0.000000060137129
4489 0.000000015190965
5041 0.000000029153347
5329 0.000000017693960
6241 0.000000014532320
10201 0.000000002076129
12769 0.000000003847108
19321 0.000000000449201
26569 0.000000000637522
32761 0.000000000362216
39601 0.000000000446150
52441 0.000000000300391
63001 0.000000000113432
73441 0.000000000000001
85849 0.000000000092446
100489 0.000000000054244
121801 0.000000000060643
139129 0.000000000017830
157609 0.000000000029301
177241 0.000000000025917
196249 0.000000000000000
214369 0.000000000010047
241081 0.000000000011125
271441 0.000000000008430
310249 0.000000000005178
332929 0.000000000007635
361201 0.000000000002928
383161 0.000000000000667
418609 0.000000000004109
452929 0.000000000002546
491401 0.000000000001608
537289 0.000000000002376
573049 0.000000000000920
619369 0.000000000001479
674041 0.000000000000468
703921 0.000000000000059
744769 0.000000000001255
786769 0.000000000000952
863041 0.000000000000871
908209 0.000000000000369
966289 0.000000000000748
1026169 0.000000000000526
1067089 0.000000000000042
1125721 0.000000000000225
1190281 0.000000000000342
1229881 0.000000000000419
1324801 0.000000000000295
1394761 0.000000000000219
1471369 0.000000000000315
