0 -nan
4 0.021688903454429
9 0.006094738647086
25 0.000720501767839
49 0.000262695484271
121 0.000054160851273
169 0.000035036227261
289 0.000004934966905
361 0.000003873862931
529 0.000002595097642
625 0.000001633870101
841 0.000001301278660
961 0.000000549595731
1369 0.000000552620404
1681 0.000000264832886
1849 0.000000299933056
2209 0.000000125973383
2500 0.000000136784413
2809 0.000000095824207
3481 0.000000068933001
3721 0.000000068607952
4489 0.000000034805944
5041 0.000000048327352
5329 0.000000030358658
5625 0.000000031258101
6241 0.000000023870843
10000 0.000000006099798
15625 0.000000003820153
17161 0.000000004022188
22500 0.000000001229508
30625 0.000000000921319
32761 0.000000000610454
40000 0.000000000465957
50625 0.000000000481500
57121 0.000000000328759
62500 0.000000000242114
75625 0.000000000286383
85849 0.000000000206811
90000 0.000000000087939
105625 0.000000000122167
122500 0.000000000046643
128881 0.000000000040049
140625 0.000000000075313
160000 0.000000000030208
177241 0.000000000034208
180625 0.000000000037609
202500 0.000000000024685
225625 0.000000000019833
229441 0.000000000017795
250000 0.000000000019711
275625 0.000000000016768
302500 0.000000000013606
310249 0.000000000013161
330625 0.000000000009550
360000 0.000000000004797
375769 0.000000000008327
390625 0.000000000006705
422500 0.000000000006787
452929 0.000000000006544
455625 0.000000000004096
490000 0.000000000002918
525625 0.000000000004211
552049 0.000000000004530
562500 0.000000000003969
600625 0.000000000003327
640000 0.000000000002022
674041 0.000000000003124
680625 0.000000000003033
722500 0.000000000001971
765625 0.000000000001526
776161 0.000000000001533
810000 0.000000000001174
855625 0.000000000001504
902500 0.000000000001456
908209 0.000000000001191
950625 0.000000000001421
1000000 0.000000000000874
1042441 0.000000000000786
1050625 0.000000000000741
1102500 0.000000000001103
1155625 0.000000000000964
1190281 0.000000000001032
1210000 0.000000000000693
1265625 0.000000000000455
1322500 0.000000000000638
1352569 0.000000000000712
1380625 0.000000000000640
1440000 0.000000000000333
