0 -nan
4 1.994429993331573
9 1.971280253413959
25 1.972517088811568
49 1.975418650436480
121 1.977806832694882
169 1.976557217773572
289 1.977347733885553
361 1.977409294942219
529 1.977390466850963
625 1.977332328565774
841 1.977682267693014
961 1.977473921627832
1369 1.977407889730454
1681 1.977387288325243
1849 1.977457566713709
2209 1.977461776818189
2500 1.977417662639205
2809 1.977449448747272
3481 1.977480215898244
3721 1.977463768711304
4489 1.977462687396045
5041 1.977470123382978
5329 1.977451470887216
5625 1.977430062762346
6241 1.977438764930065
10000 1.977469283293612
15625 1.977457703949631
17161 1.977473618789111
22500 1.977464158458532
30625 1.977462879947358
32761 1.977468096273148
40000 1.977463279179414
50625 1.977468725104753
57121 1.977463621305759
62500 1.977465808973929
75625 1.977465505766606
85849 1.977464613642195
90000 1.977466470845895
105625 1.977464991871549
122500 1.977464444187961
128881 1.977464523723844
140625 1.977466054465302
160000 1.977463640470404
177241 1.977465209426296
180625 1.977465170640347
202500 1.977464992845699
225625 1.977464941341194
229441 1.977464459428808
250000 1.977464878865015
275625 1.977465188961548
302500 1.977464916166495
310249 1.977465059419069
330625 1.977464857120750
360000 1.977465014618679
375769 1.977464694590821
390625 1.977464817132971
422500 1.977464834114341
452929 1.977464936076357
455625 1.977464925603021
490000 1.977464914298363
525625 1.977464716050905
552049 1.977464623474094
562500 1.977464879843352
600625 1.977465126246902
640000 1.977464779988687
674041 1.977464970498377
680625 1.977464917918327
722500 1.977465178323061
765625 1.977464775909294
776161 1.977464907843082
810000 1.977464753760402
855625 1.977464774907073
902500 1.977464719685847
908209 1.977464928353880
950625 1.977464865521699
1000000 1.977464837331812
1042441 1.977464811160549
1050625 1.977464827070979
1102500 1.977464822855657
1155625 1.977464793133617
1190281 1.977464839915396
1210000 1.977464721066310
1265625 1.977464857199250
1322500 1.977464890285630
1352569 1.977464922548861
1380625 1.977464903906032
1440000 1.977464909168218
