4 2.317557663255461
9 2.311998369657635
25 2.321734108954602
49 2.325422629112311
121 2.317347810125885
169 2.317970723398176
289 2.314262505631315
361 nan
529 nan
841 nan
961 nan
1369 nan
1681 nan
1849 nan
2209 nan
2809 nan
3481 nan
3721 nan
4489 nan
5041 nan
5329 nan
6241 nan
10201 nan
12769 -nan
19321 nan
26569 nan
32761 -nan
39601 nan
52441 -nan
63001 nan
73441 nan
85849 nan
100489 -nan
121801 -nan
139129 -nan
157609 nan
177241 nan
196249 nan
214369 nan
241081 nan
271441 nan
310249 -nan
332929 -nan
361201 -nan
383161 -nan
418609 -nan
452929 -nan
491401 -nan
537289 -nan
573049 -nan
619369 -nan
674041 -nan
703921 -nan
744769 nan
786769 nan
863041 nan
908209 nan
966289 nan
1026169 nan
1067089 nan
1125721 -nan
1190281 -nan
1229881 -nan
1324801 -nan
1394761 nan
1471369 nan
4 1.950057204941427
9 1.976866978850945
25 1.957763478214385
49 1.969976283636639
121 1.975521289954958
169 1.972384600534642
289 1.979287042268807
361 1.977748580335538
529 1.970805561804447
841 1.975006196230118
961 1.980260049550889
1369 1.978328500007997
1681 1.976000223748525
1849 1.979010938885431
2209 1.976602066284550
2809 1.978711411869816
3481 1.975622895597483
3721 1.976978673235483
4489 1.976801126617542
5041 1.977686896288605
5329 1.976961233937166
6241 1.977600140332824
10201 1.977782597827162
12769 1.976495311168660
19321 1.978002140087083
26569 1.976928280634962
32761 1.977354655821939
39601 1.977309139755306
52441 1.977918329881498
63001 1.977653656169196
73441 1.977656017050192
85849 1.977530747392318
100489 1.977485610913887
121801 1.977588640450255
139129 1.977378421490990
157609 1.977403406629498
177241 1.977497131685883
196249 1.977285056702036
214369 1.977510271821149
241081 1.977546258705918
271441 1.977589541402611
310249 1.977627888001714
332929 1.977574222084394
361201 1.977352579125875
383161 1.977254679035962
418609 1.977441463391391
452929 1.977481659736154
491401 1.977407897487925
537289 1.977484936443596
573049 1.977447548594205
619369 1.977499604518509
674041 1.977430309693954
703921 1.977534542759591
744769 1.977445226508767
786769 1.977378019364725
863041 1.977444109092302
908209 1.977458731138249
966289 1.977490844677539
1026169 1.977422936741386
1067089 1.977507148623872
1125721 1.977545820802044
1190281 1.977376762317264
1229881 1.977504482243199
1324801 1.977480277315033
1394761 1.977477452033555
1471369 1.977429428046289
