4 0.083599290397729
9 0.045440716007457
25 0.011116122888955
49 0.007771737169036
121 0.003040244259468
169 0.001906810434785
289 0.000962786501540
361 0.000713191475822
529 0.000731369907783
841 0.000356371407165
961 0.000307095885495
1369 0.000226055289088
1681 0.000211635052933
1849 0.000230218918093
2209 0.000170835214641
2809 0.000126983933856
3481 0.000090349103366
3721 0.000090833500376
4489 0.000078357563298
5041 0.000058063198164
5329 0.000058639860575
6241 0.000049163343048
10201 0.000041122483124
12769 0.000026848044047
19321 0.000017157159221
26569 0.000013428316511
32761 0.000009478691749
39601 0.000008870461082
52441 0.000005998922315
63001 0.000005649101794
73441 0.000004128206911
85849 0.000005176644599
100489 0.000003364838586
121801 0.000002108740569
139129 0.000002223560442
157609 0.000001900862455
177241 0.000001616779175
196249 0.000001618659588
214369 0.000001960893201
241081 0.000001154144052
271441 0.000001088846922
310249 0.000000985585549
332929 0.000001216145605
361201 0.000001089545817
383161 0.000000895739809
418609 0.000000767121018
452929 0.000000791379951
491401 0.000000534287562
537289 0.000000597017312
573049 0.000000697584795
619369 0.000000677666703
674041 0.000000480641223
703921 0.000000441555175
744769 0.000000497902001
786769 0.000000389971246
863041 0.000000408700258
908209 0.000000356829565
966289 0.000000301048015
1026169 0.000000279798506
1067089 0.000000252110694
1125721 0.000000253965654
1190281 0.000000255112275
1229881 0.000000288386604
1324801 0.000000252034058
1394761 0.000000239297522
1471369 0.000000196773029
