0 -nan
4 0.020027364465311
9 0.007933763948463
25 0.000921452661119
49 0.000263455648678
121 0.000049749629079
169 0.000027541805929
289 0.000011106414068
361 0.000008664812301
529 0.000002785958153
625 0.000002064525344
841 0.000001223471055
961 0.000000859073951
1369 0.000000547958688
1681 0.000000349176436
1849 0.000000309986632
2209 0.000000194939697
2500 0.000000171427218
2809 0.000000109036529
3481 0.000000111852697
3721 0.000000079644930
4489 0.000000047823498
5041 0.000000050153498
5329 0.000000046422628
5625 0.000000031452954
6241 0.000000026038848
10000 0.000000007464740
15625 0.000000005782705
17161 0.000000003912674
22500 0.000000001563781
30625 0.000000001275515
32761 0.000000000886126
40000 0.000000000449833
50625 0.000000000539874
57121 0.000000000381415
62500 0.000000000332998
75625 0.000000000254762
85849 0.000000000216340
90000 0.000000000115611
105625 0.000000000143722
122500 0.000000000060297
128881 0.000000000084578
140625 0.000000000060970
160000 0.000000000032650
177241 0.000000000052441
180625 0.000000000030215
202500 0.000000000037426
225625 0.000000000030399
229441 0.000000000016499
250000 0.000000000013909
275625 0.000000000019990
302500 0.000000000016052
310249 0.000000000015938
330625 0.000000000010559
360000 0.000000000006734
375769 0.000000000011896
390625 0.000000000010487
422500 0.000000000010468
452929 0.000000000007271
455625 0.000000000006039
490000 0.000000000003888
525625 0.000000000005166
552049 0.000000000004467
562500 0.000000000005127
600625 0.000000000003913
640000 0.000000000002230
674041 0.000000000003426
680625 0.000000000004082
722500 0.000000000002568
765625 0.000000000002607
776161 0.000000000002595
810000 0.000000000001776
855625 0.000000000002001
902500 0.000000000002122
908209 0.000000000002245
950625 0.000000000001407
1000000 0.000000000001145
1042441 0.000000000001188
1050625 0.000000000000734
1102500 0.000000000001063
1155625 0.000000000001422
1190281 0.000000000001279
1210000 0.000000000000909
1265625 0.000000000000855
1322500 0.000000000000664
1352569 0.000000000001042
1380625 0.000000000000794
1440000 0.000000000000440
