0 -nan
4 1.947800005645177
9 1.984919862047366
25 1.982360539139022
49 1.980045985554544
121 1.976414618297027
169 1.977734022460140
289 1.977448558427519
361 1.977571879598555
529 1.977218050383567
625 1.977412306538862
841 1.977522948931910
961 1.977440834999540
1369 1.977585775771016
1681 1.977531499813183
1849 1.977422602747968
2209 1.977386942817802
2500 1.977432958353156
2809 1.977467646785006
3481 1.977485425984558
3721 1.977448419255193
4489 1.977446874880321
5041 1.977452057854030
5329 1.977482337026611
5625 1.977486408522997
6241 1.977477974465712
10000 1.977462763640174
15625 1.977468944580105
17161 1.977470410137218
22500 1.977464927668749
30625 1.977464206437701
32761 1.977462391480133
40000 1.977462337148766
50625 1.977459883063313
57121 1.977463868325280
62500 1.977464799208319
75625 1.977463995518270
85849 1.977465887651614
90000 1.977465727078928
105625 1.977465539225951
122500 1.977464416253050
128881 1.977465728609494
140625 1.977465174434657
160000 1.977464323702146
177241 1.977465164211709
180625 1.977465022496284
202500 1.977465324481691
225625 1.977463360878454
229441 1.977464811674745
250000 1.977464514775628
275625 1.977464469236283
302500 1.977464581665955
310249 1.977464456417789
330625 1.977464672835627
360000 1.977464871924225
375769 1.977464800646706
390625 1.977465174000385
422500 1.977464760186016
452929 1.977464654060401
455625 1.977464243548619
490000 1.977464489510053
525625 1.977465053110379
552049 1.977465061513289
562500 1.977464731015522
600625 1.977465337707810
640000 1.977464734443640
674041 1.977465014148231
680625 1.977464600126515
722500 1.977464893137333
765625 1.977465052739473
776161 1.977464877290194
810000 1.977465029521940
855625 1.977464906320579
902500 1.977465021841085
908209 1.977464947212489
950625 1.977464736353655
1000000 1.977464708397590
1042441 1.977464781896622
1050625 1.977464703893455
1102500 1.977464729278586
1155625 1.977464780295895
1190281 1.977464806721559
1210000 1.977465019313043
1265625 1.977464805736944
1322500 1.977464752180173
1352569 1.977464921662096
1380625 1.977464826518913
1440000 1.977464924636279
