0 -nan
4 1.971385774257971
9 1.991458415904131
25 1.983437417665105
49 1.978461391580225
121 1.976595341281433
169 1.977577524848933
289 1.977568297208794
361 1.977423060696505
529 1.977249536935909
625 1.977398359033679
841 1.977428852988838
961 1.977509632198905
1369 1.977451075673221
1681 1.977463228764970
1849 1.977462826153386
2209 1.977480362776667
2500 1.977472146423174
2809 1.977533796225546
3481 1.977494568619361
3721 1.977391020615049
4489 1.977433563944609
5041 1.977449689755277
5329 1.977456028986002
5625 1.977472124174608
6241 1.977463846565390
10000 1.977480107098641
15625 1.977457170717503
17161 1.977461326348660
22500 1.977463574506585
30625 1.977461639589591
32761 1.977462039209684
40000 1.977467131695858
50625 1.977463386267774
57121 1.977464852140229
62500 1.977465403873455
75625 1.977465003819481
85849 1.977462299121819
90000 1.977467018204249
105625 1.977466619118877
122500 1.977464220479752
128881 1.977464872720827
140625 1.977464706751046
160000 1.977464686625968
177241 1.977464734770256
180625 1.977463946434751
202500 1.977464668611312
225625 1.977464328426407
229441 1.977465245236396
250000 1.977464018427885
275625 1.977464448688101
302500 1.977465233749648
310249 1.977463964964110
330625 1.977465182731566
360000 1.977464656282259
375769 1.977464550489219
390625 1.977465016794311
422500 1.977464886409411
452929 1.977464311694755
455625 1.977464440109875
490000 1.977464594546120
525625 1.977465108892026
552049 1.977464714408278
562500 1.977464847374569
600625 1.977465141559742
640000 1.977464882569921
674041 1.977464828140555
680625 1.977464495888860
722500 1.977464992199324
765625 1.977464864970151
776161 1.977465101249368
810000 1.977464802381695
855625 1.977464877226698
902500 1.977464747497704
908209 1.977464850986040
950625 1.977464683946712
1000000 1.977464845135886
1042441 1.977464946094908
1050625 1.977464747609444
1102500 1.977464843166231
1155625 1.977464758331403
1190281 1.977464765767846
1210000 1.977464757710151
1265625 1.977464728201372
1322500 1.977464701386576
1352569 1.977464917072101
1380625 1.977464682998158
1440000 1.977464788842512
