0 -nan
4 0.018610728219116
9 0.007906126320430
25 0.000900497531250
49 0.000267039210935
121 0.000052253951198
169 0.000030208956892
289 0.000008163504096
361 0.000006776339636
529 0.000002894597896
625 0.000002251344685
841 0.000001210310590
961 0.000000966587857
1369 0.000000579967768
1681 0.000000323009615
1849 0.000000325411557
2209 0.000000213390770
2500 0.000000147136154
2809 0.000000142031369
3481 0.000000104813290
3721 0.000000090460367
4489 0.000000067797124
5041 0.000000042872645
5329 0.000000041789314
5625 0.000000027210895
6241 0.000000023919277
10000 0.000000008494300
15625 0.000000004353831
17161 0.000000003795733
22500 0.000000001661101
30625 0.000000001168569
32761 0.000000000959510
40000 0.000000000571143
50625 0.000000000570867
57121 0.000000000400454
62500 0.000000000320171
75625 0.000000000226282
85849 0.000000000170905
90000 0.000000000124600
105625 0.000000000136742
122500 0.000000000082702
128881 0.000000000081111
140625 0.000000000074945
160000 0.000000000034180
177241 0.000000000051563
180625 0.000000000040274
202500 0.000000000023447
225625 0.000000000037360
229441 0.000000000016514
250000 0.000000000014510
275625 0.000000000023136
302500 0.000000000015693
310249 0.000000000012088
330625 0.000000000011754
360000 0.000000000007590
375769 0.000000000010952
390625 0.000000000008656
422500 0.000000000008505
452929 0.000000000006330
455625 0.000000000006113
490000 0.000000000003571
525625 0.000000000005030
552049 0.000000000005717
562500 0.000000000004312
600625 0.000000000005506
640000 0.000000000002116
674041 0.000000000003485
680625 0.000000000003857
722500 0.000000000002705
765625 0.000000000002653
776161 0.000000000002096
810000 0.000000000001831
855625 0.000000000001668
902500 0.000000000001854
908209 0.000000000001584
950625 0.000000000001335
1000000 0.000000000001061
1042441 0.000000000000731
1050625 0.000000000000758
1102500 0.000000000001268
1155625 0.000000000001310
1190281 0.000000000000913
1210000 0.000000000001181
1265625 0.000000000001168
1322500 0.000000000000747
1352569 0.000000000000874
1380625 0.000000000000806
1440000 0.000000000000392
